#! FIELDS distance hh2 dhh2_distance
#! SET normalisation    6.3726200000000000e+05
#! SET min_distance 0.1
#! SET max_distance 2
#! SET nbins_distance  500
#! SET periodic_distance false
   1.0000000000000001e-01   0.0000000000000000e+00   0.0000000000000000e+00
   1.0380000000000000e-01   0.0000000000000000e+00   0.0000000000000000e+00
   1.0760000000000000e-01   0.0000000000000000e+00   0.0000000000000000e+00
   1.1140000000000000e-01   0.0000000000000000e+00   0.0000000000000000e+00
   1.1520000000000001e-01   0.0000000000000000e+00   0.0000000000000000e+00
   1.1900000000000001e-01   0.0000000000000000e+00   0.0000000000000000e+00
   1.2280000000000001e-01   0.0000000000000000e+00   0.0000000000000000e+00
   1.2660000000000002e-01   0.0000000000000000e+00   0.0000000000000000e+00
   1.3040000000000002e-01   0.0000000000000000e+00   0.0000000000000000e+00
   1.3420000000000001e-01   0.0000000000000000e+00   0.0000000000000000e+00
   1.3800000000000001e-01   0.0000000000000000e+00   0.0000000000000000e+00
   1.4180000000000001e-01   0.0000000000000000e+00   0.0000000000000000e+00
   1.4560000000000001e-01   0.0000000000000000e+00   0.0000000000000000e+00
   1.4940000000000001e-01   0.0000000000000000e+00   0.0000000000000000e+00
   1.5320000000000000e-01   0.0000000000000000e+00   0.0000000000000000e+00
   1.5700000000000000e-01   0.0000000000000000e+00   0.0000000000000000e+00
   1.6080000000000000e-01   0.0000000000000000e+00   0.0000000000000000e+00
   1.6460000000000000e-01   0.0000000000000000e+00   0.0000000000000000e+00
   1.6839999999999999e-01   1.4441755254273841e-23   2.7371225969968313e-21
   1.7219999999999999e-01   8.6294448583439249e-22   1.6130424060096232e-19
   1.7600000000000002e-01   2.9218558798567923e-20   5.4578697003347532e-18
   1.7980000000000002e-01   1.1266093759841984e-18   2.0837953423391295e-16
   1.8360000000000001e-01   1.5625434776616113e-17   2.9010839287217565e-15
   1.8740000000000001e-01   2.2532333832596958e-16   4.1717695232342675e-14
   1.9120000000000001e-01   2.7127136209677103e-15   5.0059630387008657e-13
   1.9500000000000001e-01   2.6663014340532500e-14   4.9128575426719560e-12
   1.9880000000000000e-01   2.6686190175522811e-13   4.9144055731515901e-11
   2.0260000000000000e-01   2.0889202700572175e-12   3.8294839362978725e-10
   2.0640000000000000e-01   1.4587515145276770e-11   2.6633918905564632e-09
   2.1020000000000000e-01   8.4172804075533269e-11   1.5292334118041135e-08
   2.1400000000000000e-01   4.4274559581629778e-10   8.0051047276010402e-08
   2.1779999999999999e-01   1.8339174772403747e-09   3.2831190282853250e-07
   2.2160000000000002e-01   6.7546955288280290e-09   1.1974037742735837e-06
   2.2540000000000002e-01   2.1150323175205233e-08   3.6987497235862627e-06
   2.2920000000000001e-01   5.9256996112601011e-08   1.0197671333710422e-05
   2.3300000000000001e-01   1.5520163233482805e-07   2.6281899466977579e-05
   2.3680000000000001e-01   3.6164460329281301e-07   5.9858795164658011e-05
   2.4060000000000001e-01   7.9680252717363921e-07   1.2874759199522310e-04
   2.4440000000000001e-01   1.6582458761414501e-06   2.6078951470693136e-04
   2.4820000000000000e-01   3.2686058664981928e-06   4.9848660696192432e-04
   2.5200000000000000e-01   6.2743533477974263e-06   9.2893807915266156e-04
   2.5580000000000003e-01   1.1525467828733003e-05   1.6491911961962332e-03
   2.5960000000000000e-01   2.0567412881094302e-05   2.8417244606384821e-03
   2.6340000000000002e-01   3.5670037158477063e-05   4.7516160633919030e-03
   2.6719999999999999e-01   6.0337697810534930e-05   7.7434074086238074e-03
   2.7100000000000002e-01   9.9930039240699828e-05   1.2360967291702732e-02
   2.7479999999999999e-01   1.6184769440356594e-04   1.9285910926654007e-02
   2.7860000000000001e-01   2.5701641234724759e-04   2.9513370651172099e-02
   2.8239999999999998e-01   4.0063473527105186e-04   4.4353611963702654e-02
   2.8620000000000001e-01   6.1469096239593257e-04   6.5724965690406922e-02
   2.8999999999999998e-01   9.2845097914588562e-04   9.5998522363729397e-02
   2.9380000000000001e-01   1.3822753952149559e-03   1.3840471422129666e-01
   2.9760000000000003e-01   2.0313468725487267e-03   1.9730898227065130e-01
   3.0140000000000000e-01   2.9509722094960824e-03   2.7864332554411886e-01
   3.0520000000000003e-01   4.2416744657037264e-03   3.9010691292075367e-01
   3.0900000000000000e-01   6.0375315723814587e-03   5.4172407527730504e-01
   3.1280000000000002e-01   8.5171219831551397e-03   7.4660499297926419e-01
   3.1659999999999999e-01   1.1908256350728686e-02   1.0201380071219335e+00
   3.2040000000000002e-01   1.6521210534229627e-02   1.3841562692672393e+00
   3.2419999999999999e-01   2.2736536006771502e-02   1.8619976457251675e+00
   3.2800000000000001e-01   3.1049539213726714e-02   2.4839553232219758e+00
   3.3179999999999998e-01   4.2060813565383430e-02   3.2820686944927675e+00
   3.3560000000000001e-01   5.6511909540945961e-02   4.2932981008509454e+00
   3.3939999999999998e-01   7.5275914861856558e-02   5.5544156316122208e+00
   3.4320000000000001e-01   9.9358607334963878e-02   7.0994175168284332e+00
   3.4700000000000003e-01   1.2990814876549867e-01   8.9600271605042785e+00
   3.5080000000000000e-01   1.6814801200458748e-01   1.1153570109098737e+01
   3.5460000000000003e-01   2.1536235161608291e-01   1.3683988009038689e+01
   3.5840000000000000e-01   2.7278678174132964e-01   1.6528880242723478e+01
   3.6220000000000002e-01   3.4153951885869127e-01   1.9639075632421374e+01
   3.6599999999999999e-01   4.2247337498750948e-01   2.2928613067196313e+01
   3.6980000000000002e-01   5.1605163841166590e-01   2.6274617729628226e+01
   3.7359999999999999e-01   6.2220028554613172e-01   2.9517148579078622e+01
   3.7740000000000001e-01   7.4016181304291562e-01   3.2462123871825263e+01
   3.8119999999999998e-01   8.6841145243155526e-01   3.4895866593620291e+01
   3.8500000000000001e-01   1.0045902836880352e+00   3.6598524502875520e+01
   3.8879999999999998e-01   1.1455148718869788e+00   3.7363572658566561e+01
   3.9260000000000000e-01   1.2873010512600280e+00   3.7025461334950982e+01
   3.9640000000000003e-01   1.4255299121521752e+00   3.5478300326032752e+01
   4.0020000000000000e-01   1.5555405332619754e+00   3.2699366235148105e+01
   4.0400000000000003e-01   1.6727485990778819e+00   2.8758437030808022e+01
   4.0780000000000000e-01   1.7730353591043089e+00   2.3825224609304531e+01
   4.1160000000000002e-01   1.8530849522329922e+00   1.8156812956229462e+01
   4.1539999999999999e-01   1.9107185388613723e+00   1.2083621502467928e+01
   4.1920000000000002e-01   1.9450983269163156e+00   5.9783643394830692e+00
   4.2299999999999999e-01   1.9568301835899973e+00   2.2264498609080352e-01
   4.2680000000000001e-01   1.9479212080363413e+00  -4.8298694889358620e+00
   4.3059999999999998e-01   1.9216452910111301e+00  -8.8803681670026986e+00
   4.3440000000000001e-01   1.8822283701372868e+00  -1.1717311864181946e+01
   4.3819999999999998e-01   1.8345436356622542e+00  -1.3224328244607689e+01
   4.4200000000000000e-01   1.7836858740203680e+00  -1.3390628673588125e+01
   4.4580000000000003e-01   1.7346540655784319e+00  -1.2292937390665927e+01
   4.4960000000000000e-01   1.6919339350419307e+00  -1.0095211399284103e+01
   4.5340000000000003e-01   1.6593213112003653e+00  -7.0112460897407871e+00
   4.5720000000000000e-01   1.6397222581442350e+00  -3.2863686772593352e+00
   4.6100000000000002e-01   1.6351106369142134e+00   8.3495695096044309e-01
   4.6479999999999999e-01   1.6465405571102916e+00   5.1225480898902820e+00
   4.6860000000000002e-01   1.6742491296291417e+00   9.3886894604729818e+00
   4.7239999999999999e-01   1.7179306864509423e+00   1.3500381694419612e+01
   4.7620000000000001e-01   1.7767736820529807e+00   1.7374628743484578e+01
   4.7999999999999998e-01   1.8498350244491635e+00   2.0987874511901463e+01
   4.8380000000000001e-01   1.9361354853070007e+00   2.4360676429017438e+01
   4.8759999999999998e-01   2.0348433816141687e+00   2.7547869062149509e+01
   4.9140000000000000e-01   2.1453909374377806e+00   3.0617658476010082e+01
   4.9520000000000003e-01   2.2674733460138312e+00   3.3651715130016584e+01
   4.9900000000000000e-01   2.4010586502092748e+00   3.6698317924352388e+01
   5.0280000000000002e-01   2.5462522932986666e+00   3.9778236197379343e+01
   5.0660000000000005e-01   2.7031268024346651e+00   4.2845559570895070e+01
   5.1039999999999996e-01   2.8714597707876730e+00   4.5788706810152398e+01
   5.1419999999999999e-01   3.0504321140048924e+00   4.8406612849187333e+01
   5.1800000000000002e-01   3.2382984197945630e+00   5.0415357490072694e+01
   5.2180000000000004e-01   3.4320744202426288e+00   5.1452110065505664e+01
   5.2559999999999996e-01   3.6272979123241376e+00   5.1099053575968718e+01
   5.2939999999999998e-01   3.8178560970991984e+00   4.8929605785143181e+01
   5.3320000000000001e-01   3.9960864765861595e+00   4.4552904283432341e+01
   5.3700000000000003e-01   4.1530137463118537e+00   3.7681480742259190e+01
   5.4080000000000006e-01   4.2788572380526952e+00   2.8196029936788371e+01
   5.4459999999999997e-01   4.3637960174828327e+00   1.6193828402154057e+01
   5.4840000000000000e-01   4.3988428777524051e+00   2.0262566915608744e+00
   5.5220000000000002e-01   4.3768472817817479e+00  -1.3706459722500657e+01
   5.5600000000000005e-01   4.2933473710394754e+00  -3.0182067428124896e+01
   5.5979999999999996e-01   4.1473336130600762e+00  -4.6439296340679306e+01
   5.6359999999999999e-01   3.9415505503537882e+00  -6.1464859314569139e+01
   5.6740000000000002e-01   3.6825132408861680e+00  -7.4314906307498973e+01
   5.7120000000000004e-01   3.3800198325171449e+00  -8.4218006728032407e+01
   5.7499999999999996e-01   3.0463443976321822e+00  -9.0664313399079703e+01
   5.7879999999999998e-01   2.6950985126074376e+00  -9.3446999972103896e+01
   5.8260000000000001e-01   2.3400944638223784e+00  -9.2679764126323576e+01
   5.8640000000000003e-01   1.9941525322368412e+00  -8.8751983332700320e+01
   5.9020000000000006e-01   1.6682033140129096e+00  -8.2268729677680227e+01
   5.9399999999999997e-01   1.3705730582079045e+00  -7.3949800804809087e+01
   5.9780000000000000e-01   1.1068128026031900e+00  -6.4560611432413737e+01
   6.0160000000000002e-01   8.7961159316168391e-01  -5.4808228154757593e+01
   6.0540000000000005e-01   6.8915985927996126e-01  -4.5290245286155056e+01
   6.0919999999999996e-01   5.3363812636196772e-01  -3.6457638599834546e+01
   6.1299999999999999e-01   4.0984195327174378e-01  -2.8612735518394611e+01
   6.1680000000000001e-01   3.1369383630949321e-01  -2.1906434654155021e+01
   6.2060000000000004e-01   2.4074395533083029e-01  -1.6360602462673938e+01
   6.2439999999999996e-01   1.8671333613319127e-01  -1.1924619623772777e+01
   6.2819999999999998e-01   1.4758243498205059e-01  -8.4721022929858556e+00
   6.3200000000000001e-01   1.1993194237358311e-01  -5.8623049674997878e+00
   6.3580000000000003e-01   1.0087344386774294e-01  -3.9381868158890199e+00
   6.3960000000000006e-01   8.8118453962877361e-02  -2.5549112519423853e+00
   6.4339999999999997e-01   7.9874290755809776e-02  -1.5804633161005828e+00
   6.4720000000000000e-01   7.4831760817224091e-02  -9.1148344014401728e-01
   6.5100000000000002e-01   7.1982739790469777e-02  -4.5586380489994366e-01
   6.5480000000000005e-01   7.0655664761014120e-02  -1.5243313984538198e-01
   6.5859999999999996e-01   7.0340715843405455e-02   5.1288965223879164e-02
   6.6239999999999999e-01   7.0716315772378760e-02   1.8715662574918940e-01
   6.6620000000000001e-01   7.1549630261050462e-02   2.7901465502766243e-01
   6.7000000000000004e-01   7.2695052238077984e-02   3.4073972231380106e-01
   6.7379999999999995e-01   7.4048907929959717e-02   3.8223199906430066e-01
   6.7759999999999998e-01   7.5541777986411554e-02   4.0949725776545126e-01
   6.8140000000000001e-01   7.7124456211101478e-02   4.2706996975297357e-01
   6.8520000000000003e-01   7.8764252118896261e-02   4.3808100356203927e-01
   6.8900000000000006e-01   8.0439695224368737e-02   4.4510774260266234e-01
   6.9279999999999997e-01   8.2139285048302743e-02   4.5021001767922314e-01
   6.9660000000000000e-01   8.3857799741921091e-02   4.5498903802221236e-01
   7.0040000000000002e-01   8.5595700096135610e-02   4.6052094274327560e-01
   7.0420000000000005e-01   8.7357850184680924e-02   4.6732332530241888e-01
   7.0799999999999996e-01   8.9149108196027352e-02   4.7563559599450922e-01
   7.1179999999999999e-01   9.0973777289605082e-02   4.8475633636893734e-01
   7.1560000000000001e-01   9.2833873609775228e-02   4.9393228027030500e-01
   7.1940000000000004e-01   9.4727825547328712e-02   5.0199489244844819e-01
   7.2319999999999995e-01   9.6648050809064759e-02   5.0814293331474847e-01
   7.2699999999999998e-01   9.8587428098633287e-02   5.1162716779232842e-01
   7.3080000000000001e-01   1.0053427605993841e-01   5.1204536572903059e-01
   7.3460000000000003e-01   1.0247968294080256e-01   5.1038456418858658e-01
   7.3840000000000006e-01   1.0441611875769978e-01   5.0802778340743171e-01
   7.4219999999999997e-01   1.0634326590099609e-01   5.0619909105518845e-01
   7.4600000000000000e-01   1.0826757096843712e-01   5.0701390718201900e-01
   7.4980000000000002e-01   1.1020433147308191e-01   5.1274156751121891e-01
   7.5360000000000005e-01   1.1217458256723710e-01   5.2485433221672040e-01
   7.5739999999999996e-01   1.1420556530572330e-01   5.4462393272586163e-01
   7.6119999999999999e-01   1.1632634723507433e-01   5.7208303244554937e-01
   7.6500000000000001e-01   1.1856462121027893e-01   6.0669144067962089e-01
   7.6880000000000004e-01   1.2094587770495105e-01   6.4661437283597079e-01
   7.7259999999999995e-01   1.2348577543686337e-01   6.8968005058587378e-01
   7.7639999999999998e-01   1.2619198606544110e-01   7.3413105284040625e-01
   7.8020000000000000e-01   1.2906683057352911e-01   7.7759237881171606e-01
   7.8400000000000003e-01   1.3210153126478147e-01   8.1815696053872367e-01
   7.8780000000000006e-01   1.3528338538184334e-01   8.5504238043143466e-01
   7.9159999999999997e-01   1.3859789601584671e-01   8.8785535242144120e-01
   7.9540000000000000e-01   1.4203041069306499e-01   9.1694220609808363e-01
   7.9920000000000002e-01   1.4556825122888434e-01   9.4340268714895847e-01
   8.0300000000000005e-01   1.4920321163675626e-01   9.6815915866784485e-01
   8.0679999999999996e-01   1.5293063475405713e-01   9.9235569632084453e-01
   8.1059999999999999e-01   1.5675073090660052e-01   1.0171890533650185e+00
   8.1440000000000001e-01   1.6066704552586894e-01   1.0426683111242125e+00
   8.1820000000000004e-01   1.6468260706825316e-01   1.0694704083571744e+00
   8.2199999999999995e-01   1.6880263365069098e-01   1.0976062045270421e+00
   8.2579999999999998e-01   1.7303216079564035e-01   1.1270598947807380e+00
   8.2960000000000000e-01   1.7737719136915822e-01   1.1581566584400320e+00
   8.3340000000000003e-01   1.8184348738840989e-01   1.1909733894375207e+00
   8.3720000000000006e-01   1.8644002491477188e-01   1.2263984329539914e+00
   8.4099999999999997e-01   1.9117542920971103e-01   1.2645927230445728e+00
   8.4480000000000000e-01   1.9606390344648900e-01   1.3061775352996858e+00
   8.4860000000000002e-01   2.0111594082957993e-01   1.3508518197874209e+00
   8.5240000000000005e-01   2.0634285328964821e-01   1.3983446328168241e+00
   8.5619999999999996e-01   2.1175414843111173e-01   1.4478581433914919e+00
   8.5999999999999999e-01   2.1735430576045800e-01   1.4973032584161443e+00
   8.6380000000000001e-01   2.2314108956065765e-01   1.5453646754439943e+00
   8.6760000000000004e-01   2.2910273685952875e-01   1.5898008876714931e+00
   8.7139999999999995e-01   2.3522499824843257e-01   1.6292150692301661e+00
   8.7519999999999998e-01   2.4148554859654514e-01   1.6626710798057434e+00
   8.7900000000000000e-01   2.4786291487383266e-01   1.6897223072408560e+00
   8.8280000000000003e-01   2.5432937729935612e-01   1.7109082546622039e+00
   8.8660000000000005e-01   2.6086200206889343e-01   1.7262098025265766e+00
   8.9039999999999997e-01   2.6744411766325193e-01   1.7362150749522103e+00
   8.9419999999999999e-01   2.7405838855564846e-01   1.7422385806199656e+00
   8.9800000000000002e-01   2.8068484570342889e-01   1.7442257736771438e+00
   9.0180000000000005e-01   2.8731080119573388e-01   1.7419898028658840e+00
   9.0559999999999996e-01   2.9391940479772266e-01   1.7348979527869997e+00
   9.0939999999999999e-01   3.0048868258576905e-01   1.7213305370142755e+00
   9.1320000000000001e-01   3.0698748923780422e-01   1.6990777028685664e+00
   9.1700000000000004e-01   3.1338115514994747e-01   1.6657418001345705e+00
   9.2079999999999995e-01   3.1962533264083870e-01   1.6190019759389023e+00
   9.2459999999999998e-01   3.2566347176164862e-01   1.5569130695646229e+00
   9.2840000000000000e-01   3.3142951587874697e-01   1.4773859184377012e+00
   9.3220000000000003e-01   3.3685881083140562e-01   1.3789771441367367e+00
   9.3600000000000005e-01   3.4187819086610888e-01   1.2621870004087548e+00
   9.3979999999999997e-01   3.4641806966985966e-01   1.1279144554491192e+00
   9.4359999999999999e-01   3.5041982059701138e-01   9.7952260813482661e-01
   9.4740000000000002e-01   3.5383554751090068e-01   8.2084951369233272e-01
   9.5120000000000005e-01   3.5663559039358073e-01   6.5656320412126778e-01
   9.5499999999999996e-01   3.5880839287747623e-01   4.9212794094289364e-01
   9.5879999999999999e-01   3.6036267852745069e-01   3.3286191597931475e-01
   9.6260000000000001e-01   3.6132960913453088e-01   1.8345610958097261e-01
   9.6640000000000004e-01   3.6175379437716826e-01   4.8462439849673147e-02
   9.7019999999999995e-01   3.6169548997999679e-01  -6.9481460700377723e-02
   9.7399999999999998e-01   3.6122532030368848e-01  -1.6838939074588069e-01
   9.7780000000000000e-01   3.6041695759326148e-01  -2.4703203247820923e-01
   9.8160000000000003e-01   3.5934617949498021e-01  -3.0619593981060889e-01
   9.8540000000000005e-01   3.5808463000905555e-01  -3.4668606247518835e-01
   9.8919999999999997e-01   3.5670143704459290e-01  -3.7106333010908876e-01
   9.9299999999999999e-01   3.5524998729666624e-01  -3.8105928093943703e-01
   9.9680000000000002e-01   3.5378665995648806e-01  -3.7934220625632437e-01
   1.0005999999999999e+00   3.5234951600102288e-01  -3.6748617407020645e-01
   1.0044000000000000e+00   3.5097303159999960e-01  -3.4632736637499334e-01
   1.0082000000000000e+00   3.4969300000738840e-01  -3.1700974438370377e-01
   1.0120000000000000e+00   3.4853745710611339e-01  -2.7947573169478390e-01
   1.0158000000000000e+00   3.4754171796439520e-01  -2.3374109589516168e-01
   1.0196000000000001e+00   3.4673644176583440e-01  -1.7841643642199523e-01
   1.0234000000000001e+00   3.4615762975241909e-01  -1.1386163311698663e-01
   1.0272000000000001e+00   3.4584158689581351e-01  -3.9796405348239514e-02
   1.0309999999999999e+00   3.4582544825341216e-01   4.3146513357441095e-02
   1.0347999999999999e+00   3.4614078779703494e-01   1.3341116412804341e-01
   1.0386000000000000e+00   3.4681060759354299e-01   2.2951543180115683e-01
   1.0424000000000000e+00   3.4784998957795110e-01   3.2876763508103779e-01
   1.0462000000000000e+00   3.4927017184466197e-01   4.2700088639084521e-01
   1.0500000000000000e+00   3.5105432889516081e-01   5.2094223502895753e-01
   1.0538000000000001e+00   3.5318210249768761e-01   6.0731159897829379e-01
   1.0576000000000001e+00   3.5561844729150371e-01   6.8222178163268665e-01
   1.0613999999999999e+00   3.5831805816210677e-01   7.4341315537882724e-01
   1.0651999999999999e+00   3.6122179130594051e-01   7.9016045486382713e-01
   1.0690000000000000e+00   3.6427659817991986e-01   8.2328421736273250e-01
   1.0728000000000000e+00   3.6742838067309486e-01   8.4346349402787868e-01
   1.0766000000000000e+00   3.7063868222950558e-01   8.5295346381396264e-01
   1.0804000000000000e+00   3.7386757781305158e-01   8.5493970546447806e-01
   1.0842000000000001e+00   3.7709779891732653e-01   8.5261170466622749e-01
   1.0880000000000001e+00   3.8031800047228570e-01   8.4882156986118251e-01
   1.0918000000000001e+00   3.8352523283204287e-01   8.4687011789370858e-01
   1.0955999999999999e+00   3.8672835014049967e-01   8.4700098934436341e-01
   1.0993999999999999e+00   3.8993361947986271e-01   8.4890121600310475e-01
   1.1032000000000000e+00   3.9314943402563540e-01   8.5120086922749194e-01
   1.1070000000000000e+00   3.9637285548098106e-01   8.5204762478149731e-01
   1.1108000000000000e+00   3.9959085229036101e-01   8.4765347139340430e-01
   1.1146000000000000e+00   4.0277600022029530e-01   8.3505139658642824e-01
   1.1184000000000001e+00   4.0589353210593943e-01   8.1144599428630881e-01
   1.1222000000000001e+00   4.0890067748769959e-01   7.7575000169615160e-01
   1.1260000000000001e+00   4.1174352397660285e-01   7.2771077514465321e-01
   1.1297999999999999e+00   4.1438207180012304e-01   6.6847912375826279e-01
   1.1335999999999999e+00   4.1677843715731744e-01   6.0130744647164092e-01
   1.1374000000000000e+00   4.1890994651999236e-01   5.2942573334387977e-01
   1.1412000000000000e+00   4.2076510273316670e-01   4.5588269424981803e-01
   1.1450000000000000e+00   4.2234050160407377e-01   3.8399720914662011e-01
   1.1488000000000000e+00   4.2364856943819307e-01   3.1451019504373851e-01
   1.1526000000000001e+00   4.2469597982654383e-01   2.4744598238967774e-01
   1.1564000000000001e+00   4.2549016626478298e-01   1.8159282318738756e-01
   1.1601999999999999e+00   4.2603513802979498e-01   1.1469550600823480e-01
   1.1639999999999999e+00   4.2632061207843314e-01   4.5541083712021591e-02
   1.1677999999999999e+00   4.2633592886406974e-01  -2.6898657168147478e-02
   1.1716000000000000e+00   4.2607006301839473e-01  -1.0279267909201620e-01
   1.1754000000000000e+00   4.2551467900469325e-01  -1.7948433208006079e-01
   1.1792000000000000e+00   4.2466949229373313e-01  -2.5346159153242909e-01
   1.1830000000000001e+00   4.2355745546251328e-01  -3.1988845794613280e-01
   1.1868000000000001e+00   4.2221653189784186e-01  -3.7313234980135646e-01
   1.1906000000000001e+00   4.2070678990538718e-01  -4.0765803698764180e-01
   1.1943999999999999e+00   4.1910750588617846e-01  -4.1849581939289132e-01
   1.1981999999999999e+00   4.1751739013059708e-01  -4.0369389679925904e-01
   1.2020000000000000e+00   4.1603381173728982e-01  -3.6114315879547942e-01
   1.2058000000000000e+00   4.1476115442557876e-01  -2.9302671731034968e-01
   1.2096000000000000e+00   4.1379183461075658e-01  -2.0167092224375238e-01
   1.2134000000000000e+00   4.1320980303752136e-01  -9.1804726093382860e-02
   1.2172000000000001e+00   4.1307524623098607e-01   3.3550714216357427e-02
   1.2210000000000001e+00   4.1343873826615035e-01   1.6828770720603425e-01
   1.2248000000000001e+00   4.1432662387073244e-01   3.0987594908156302e-01
   1.2285999999999999e+00   4.1576322804231369e-01   4.5470726379034199e-01
   1.2323999999999999e+00   4.1775277577515241e-01   6.0132151474233686e-01
   1.2362000000000000e+00   4.2029914738133883e-01   7.4787109469660085e-01
   1.2400000000000000e+00   4.2339773982775042e-01   8.9280207130244116e-01
   1.2438000000000000e+00   4.2704709078259395e-01   1.0352669915394341e+00
   1.2476000000000000e+00   4.3123269580298895e-01   1.1740509067552936e+00
   1.2514000000000001e+00   4.3594132536076013e-01   1.3099003610947253e+00
   1.2552000000000001e+00   4.4115740350945698e-01   1.4426712664751731e+00
   1.2589999999999999e+00   4.4687209298338271e-01   1.5718092342184107e+00
   1.2627999999999999e+00   4.5307432672911657e-01   1.6987130464245424e+00
   1.2665999999999999e+00   4.5975880848892375e-01   1.8248699662334440e+00
   1.2704000000000000e+00   4.6692189071488782e-01   1.9511525983217892e+00
   1.2742000000000000e+00   4.7456839526663042e-01   2.0773320259361028e+00
   1.2780000000000000e+00   4.8269576413281945e-01   2.2032604347263876e+00
   1.2818000000000001e+00   4.9130061684160514e-01   2.3282440607850843e+00
   1.2856000000000001e+00   5.0037518126981140e-01   2.4504530411008103e+00
   1.2894000000000001e+00   5.0990786052359671e-01   2.5676347698383748e+00
   1.2931999999999999e+00   5.1987233252938503e-01   2.6770749725436489e+00
   1.2969999999999999e+00   5.3023485199624576e-01   2.7765428350802877e+00
   1.3008000000000000e+00   5.4094838370150367e-01   2.8625232847667750e+00
   1.3046000000000000e+00   5.5196649174400692e-01   2.9346782009820154e+00
   1.3084000000000000e+00   5.6322467700407752e-01   2.9911836919708823e+00
   1.3122000000000000e+00   5.7467015025234502e-01   3.0324131946217996e+00
   1.3160000000000001e+00   5.8625161165210826e-01   3.0609452748375476e+00
   1.3198000000000001e+00   5.9791842166300346e-01   3.0782416857537296e+00
   1.3236000000000001e+00   6.0962995126125208e-01   3.0873466578970574e+00
   1.3273999999999999e+00   6.2136511457183186e-01   3.0900306996169031e+00
   1.3311999999999999e+00   6.3310446041139856e-01   3.0900398430005418e+00
   1.3350000000000000e+00   6.4483935435245243e-01   3.0873462079280158e+00
   1.3388000000000000e+00   6.5655763723696192e-01   3.0808344058679307e+00
   1.3426000000000000e+00   6.6824068663790692e-01   3.0693338874928435e+00
   1.3464000000000000e+00   6.7986081902768924e-01   3.0481083966933262e+00
   1.3502000000000001e+00   6.9138127729018839e-01   3.0156399553708364e+00
   1.3540000000000001e+00   7.0275661008082302e-01   2.9697560337931526e+00
   1.3577999999999999e+00   7.1392998338951885e-01   2.9099998164304872e+00
   1.3615999999999999e+00   7.2484867396605968e-01   2.8380673693914091e+00
   1.3653999999999999e+00   7.3547429830631028e-01   2.7582885939782544e+00
   1.3692000000000000e+00   7.4578925698187559e-01   2.6744119691570090e+00
   1.3730000000000000e+00   7.5578483539164654e-01   2.5923159323764096e+00
   1.3768000000000000e+00   7.6548180966660606e-01   2.5181366599578867e+00
   1.3806000000000000e+00   7.7491911056551799e-01   2.4556620066332617e+00
   1.3844000000000001e+00   7.8413989716049581e-01   2.4060212566934989e+00
   1.3882000000000001e+00   7.9319493360005600e-01   2.3685511137560895e+00
   1.3919999999999999e+00   8.0212409663552320e-01   2.3417522364597168e+00
   1.3957999999999999e+00   8.1096835851751958e-01   2.3207401041423479e+00
   1.3996000000000000e+00   8.1973064286578534e-01   2.3008860459214175e+00
   1.4034000000000000e+00   8.2841248483104224e-01   2.2762820053751978e+00
   1.4072000000000000e+00   8.3698428210730180e-01   2.2418930794546008e+00
   1.4110000000000000e+00   8.4539822808704146e-01   2.1935024782592585e+00
   1.4148000000000001e+00   8.5360136078137927e-01   2.1308864062315109e+00
   1.4186000000000001e+00   8.6153245831926950e-01   2.0521410583123174e+00
   1.4224000000000001e+00   8.6913704907199985e-01   1.9604476688631252e+00
   1.4261999999999999e+00   8.7637633110207436e-01   1.8606506735560366e+00
   1.4299999999999999e+00   8.8322899813323952e-01   1.7590229443295693e+00
   1.4338000000000000e+00   8.8970862088406022e-01   1.6643275829508108e+00
   1.4376000000000000e+00   8.9584525458779773e-01   1.5840548726655987e+00
   1.4414000000000000e+00   9.0170919614088862e-01   1.5232599842169898e+00
   1.4452000000000000e+00   9.0738413134098217e-01   1.4853003780438305e+00
   1.4490000000000001e+00   9.1296213886733968e-01   1.4689516399948443e+00
   1.4528000000000001e+00   9.1851270473234725e-01   1.4730964428545887e+00
   1.4565999999999999e+00   9.2411322498728632e-01   1.4895336989179948e+00
   1.4603999999999999e+00   9.2978899405306481e-01   1.5121920987583113e+00
   1.4641999999999999e+00   9.3553558553307348e-01   1.5322567175124335e+00
   1.4680000000000000e+00   9.4134461060299146e-01   1.5404858659389788e+00
   1.4718000000000000e+00   9.4715643328642873e-01   1.5315863314219191e+00
   1.4756000000000000e+00   9.5289486308257709e-01   1.5017097144832283e+00
   1.4794000000000000e+00   9.5847626412567777e-01   1.4527292235366034e+00
   1.4832000000000001e+00   9.6383816962645419e-01   1.3859522439238421e+00
   1.4870000000000001e+00   9.6892164228831879e-01   1.3072336483873439e+00
   1.4907999999999999e+00   9.7368782119231301e-01   1.2235680937796041e+00
   1.4945999999999999e+00   9.7814570868156514e-01   1.1432495266439140e+00
   1.4984000000000000e+00   9.8232256790912553e-01   1.0769747237785006e+00
   1.5022000000000000e+00   9.8628003948923737e-01   1.0303070456910377e+00
   1.5060000000000000e+00   9.9010228705039971e-01   1.0066004135686542e+00
   1.5098000000000000e+00   9.9387892980079673e-01   1.0060971347513148e+00
   1.5136000000000001e+00   9.9769886922534945e-01   1.0281851224664889e+00
   1.5174000000000001e+00   1.0016338718770899e+00   1.0667112735842239e+00
   1.5212000000000001e+00   1.0057484218708772e+00   1.1174724968414522e+00
   1.5249999999999999e+00   1.0100628590083185e+00   1.1739830003243668e+00
   1.5287999999999999e+00   1.0145935750647466e+00   1.2319769433231391e+00
   1.5326000000000000e+00   1.0193513114132422e+00   1.2895437011167441e+00
   1.5364000000000000e+00   1.0243228704878820e+00   1.3464336477830261e+00
   1.5402000000000000e+00   1.0295153547000915e+00   1.4061962513955615e+00
   1.5440000000000000e+00   1.0349415571220173e+00   1.4731649424356854e+00
   1.5478000000000001e+00   1.0406444179431018e+00   1.5499504829682420e+00
   1.5516000000000001e+00   1.0466585078394359e+00   1.6397678168088983e+00
   1.5553999999999999e+00   1.0530404389342447e+00   1.7418465177449380e+00
   1.5591999999999999e+00   1.0598310948186593e+00   1.8532532700263649e+00
   1.5629999999999999e+00   1.0670498613529944e+00   1.9723630250011845e+00
   1.5668000000000000e+00   1.0747376986413182e+00   2.0915121464068824e+00
   1.5706000000000000e+00   1.0828810031381100e+00   2.2092005557758614e+00
   1.5744000000000000e+00   1.0914495675844216e+00   2.3197619896692609e+00
   1.5782000000000000e+00   1.1004186030988408e+00   2.4192177220558588e+00
   1.5820000000000001e+00   1.1097399863788844e+00   2.5080732229968969e+00
   1.5858000000000001e+00   1.1193849190820826e+00   2.5846815322988723e+00
   1.5895999999999999e+00   1.1292980965266182e+00   2.6488252248065383e+00
   1.5933999999999999e+00   1.1394284749243648e+00   2.7017126967872134e+00
   1.5972000000000000e+00   1.1497426371365636e+00   2.7456917743663212e+00
   1.6010000000000000e+00   1.1601951722894539e+00   2.7795266306348112e+00
   1.6048000000000000e+00   1.1707737379566763e+00   2.8095160885963213e+00
   1.6086000000000000e+00   1.1814481980435216e+00   2.8344360574853300e+00
   1.6124000000000001e+00   1.1922028295336207e+00   2.8512439227032367e+00
   1.6162000000000001e+00   1.2029957963841051e+00   2.8570872935827030e+00
   1.6200000000000001e+00   1.2137829613165503e+00   2.8434865988848497e+00
   1.6237999999999999e+00   1.2244612500755552e+00   2.7941519313100032e+00
   1.6275999999999999e+00   1.2348702670911103e+00   2.6963996396928698e+00
   1.6314000000000000e+00   1.2447669717952345e+00   2.5285446482903757e+00
   1.6352000000000000e+00   1.2538833203999089e+00   2.2793241629809868e+00
   1.6390000000000000e+00   1.2618577668076059e+00   1.9326046685604961e+00
   1.6428000000000000e+00   1.2683430863970193e+00   1.4962999112348765e+00
   1.6466000000000001e+00   1.2730088924348366e+00   9.8063036538271231e-01
   1.6504000000000001e+00   1.2755816180323003e+00   4.0422327881435610e-01
   1.6541999999999999e+00   1.2759131536250363e+00  -1.9863182127057516e-01
   1.6579999999999999e+00   1.2739840883507074e+00  -7.8928800623505269e-01
   1.6617999999999999e+00   1.2698633479205728e+00  -1.3346838860838190e+00
   1.6656000000000000e+00   1.2638188215570096e+00  -1.7999307983836008e+00
   1.6694000000000000e+00   1.2561789781306061e+00  -2.1594698646170558e+00
   1.6732000000000000e+00   1.2474288546654064e+00  -2.3975059770946183e+00
   1.6770000000000000e+00   1.2379626327769002e+00  -2.5239293742494677e+00
   1.6808000000000001e+00   1.2281776136288094e+00  -2.5548471202149043e+00
   1.6846000000000001e+00   1.2184607122233999e+00  -2.5124434504161570e+00
   1.6883999999999999e+00   1.2089989543644044e+00  -2.4269977954337452e+00
   1.6921999999999999e+00   1.1998392062742467e+00  -2.3401464113304864e+00
   1.6960000000000000e+00   1.1910426574778390e+00  -2.2637930938623163e+00
   1.6998000000000000e+00   1.1826822139279374e+00  -2.1815209655410208e+00
   1.7036000000000000e+00   1.1743500925441288e+00  -2.1572662967109366e+00
   1.7074000000000000e+00   1.1661752708836353e+00  -2.1377615898608862e+00
   1.7112000000000001e+00   1.1578953722754695e+00  -2.1489013649354884e+00
   1.7150000000000001e+00   1.1495683380494450e+00  -2.1543314694630005e+00
   1.7188000000000001e+00   1.1412535301842950e+00  -2.1335804899899835e+00
   1.7225999999999999e+00   1.1331046547148309e+00  -2.0663571318206277e+00
   1.7263999999999999e+00   1.1253446530790081e+00  -1.9316501004567219e+00
   1.7302000000000000e+00   1.1182431602301881e+00  -1.7145676977769910e+00
   1.7340000000000000e+00   1.1121108842083729e+00  -1.4257676342044205e+00
   1.7378000000000000e+00   1.1071508806830743e+00  -1.1053419152383537e+00
   1.7416000000000000e+00   1.1033491918771852e+00  -8.3837878708766778e-01
   1.7454000000000001e+00   1.1002628490524733e+00  -7.4916579317959220e-01
   1.7492000000000001e+00   1.0969393449299127e+00  -1.0032583050605872e+00
   1.7529999999999999e+00   1.0917265188915917e+00  -1.7628398001785801e+00
   1.7567999999999999e+00   1.0824372230999497e+00  -3.1728760763931265e+00
   1.7605999999999999e+00   1.0664405660948231e+00  -5.3019433148643929e+00
   1.7644000000000000e+00   1.0410356430503784e+00  -8.1138236493845834e+00
   1.7682000000000000e+00   1.0038625394532972e+00  -1.1445446838899311e+01
   1.7720000000000000e+00   9.5344687884780899e-01  -1.5030837672854901e+01
   1.7758000000000000e+00   8.8946626944897789e-01  -1.8516970957106377e+01
   1.7796000000000001e+00   8.1303036073761348e-01  -2.1534271757449421e+01
   1.7834000000000001e+00   7.2655284276895149e-01  -2.3743146971422878e+01
   1.7871999999999999e+00   6.3362639297530454e-01  -2.4917827031845999e+01
   1.7909999999999999e+00   5.3840573041347928e-01  -2.4953660558735454e+01
   1.7948000000000000e+00   4.4514444770535755e-01  -2.3892095683324687e+01
   1.7986000000000000e+00   3.5774091296142091e-01  -2.1914784601471482e+01
   1.8024000000000000e+00   2.7917355359381468e-01  -1.9276780303149902e+01
   1.8062000000000000e+00   2.1139201567888488e-01  -1.6279214178768644e+01
   1.8100000000000001e+00   1.5524671359441330e-01  -1.3216548368739746e+01
   1.8138000000000001e+00   1.1049908022114723e-01  -1.0317938586674515e+01
   1.8176000000000001e+00   7.6194886572359247e-02  -7.7511889160262593e+00
   1.8213999999999999e+00   5.0825411376967410e-02  -5.5956865562103770e+00
   1.8251999999999999e+00   3.2834683032469870e-02  -3.8938082919014345e+00
   1.8290000000000000e+00   2.0531050000390898e-02  -2.6109816237540207e+00
   1.8328000000000000e+00   1.2381884108095315e-02  -1.6798853517169274e+00
   1.8366000000000000e+00   7.1693284964650470e-03  -1.0322938723491184e+00
   1.8404000000000000e+00   4.0182950552005905e-03  -6.1292803581349964e-01
   1.8442000000000001e+00   2.1087579010804023e-03  -3.3827312756309830e-01
   1.8480000000000001e+00   9.2880259447667226e-04  -1.5375213415126809e-01
   1.8518000000000001e+00   4.5620752793115466e-04  -7.9393796085858837e-02
   1.8555999999999999e+00   0.0000000000000000e+00   0.0000000000000000e+00
   1.8593999999999999e+00   0.0000000000000000e+00   0.0000000000000000e+00
   1.8632000000000000e+00   0.0000000000000000e+00   0.0000000000000000e+00
   1.8670000000000000e+00   0.0000000000000000e+00   0.0000000000000000e+00
   1.8708000000000000e+00   0.0000000000000000e+00   0.0000000000000000e+00
   1.8746000000000000e+00   0.0000000000000000e+00   0.0000000000000000e+00
   1.8784000000000001e+00   0.0000000000000000e+00   0.0000000000000000e+00
   1.8822000000000001e+00   0.0000000000000000e+00   0.0000000000000000e+00
   1.8859999999999999e+00   0.0000000000000000e+00   0.0000000000000000e+00
   1.8897999999999999e+00   0.0000000000000000e+00   0.0000000000000000e+00
   1.8935999999999999e+00   0.0000000000000000e+00   0.0000000000000000e+00
   1.8974000000000000e+00   0.0000000000000000e+00   0.0000000000000000e+00
   1.9012000000000000e+00   0.0000000000000000e+00   0.0000000000000000e+00
   1.9050000000000000e+00   0.0000000000000000e+00   0.0000000000000000e+00
   1.9088000000000001e+00   0.0000000000000000e+00   0.0000000000000000e+00
   1.9126000000000001e+00   0.0000000000000000e+00   0.0000000000000000e+00
   1.9164000000000001e+00   0.0000000000000000e+00   0.0000000000000000e+00
   1.9201999999999999e+00   0.0000000000000000e+00   0.0000000000000000e+00
   1.9239999999999999e+00   0.0000000000000000e+00   0.0000000000000000e+00
   1.9278000000000000e+00   0.0000000000000000e+00   0.0000000000000000e+00
   1.9316000000000000e+00   0.0000000000000000e+00   0.0000000000000000e+00
   1.9354000000000000e+00   0.0000000000000000e+00   0.0000000000000000e+00
   1.9392000000000000e+00   0.0000000000000000e+00   0.0000000000000000e+00
   1.9430000000000001e+00   0.0000000000000000e+00   0.0000000000000000e+00
   1.9468000000000001e+00   0.0000000000000000e+00   0.0000000000000000e+00
   1.9506000000000001e+00   0.0000000000000000e+00   0.0000000000000000e+00
   1.9543999999999999e+00   0.0000000000000000e+00   0.0000000000000000e+00
   1.9581999999999999e+00   0.0000000000000000e+00   0.0000000000000000e+00
   1.9620000000000000e+00   0.0000000000000000e+00   0.0000000000000000e+00
   1.9658000000000000e+00   0.0000000000000000e+00   0.0000000000000000e+00
   1.9696000000000000e+00   0.0000000000000000e+00   0.0000000000000000e+00
   1.9734000000000000e+00   0.0000000000000000e+00   0.0000000000000000e+00
   1.9772000000000001e+00   0.0000000000000000e+00   0.0000000000000000e+00
   1.9810000000000001e+00   0.0000000000000000e+00   0.0000000000000000e+00
   1.9847999999999999e+00   0.0000000000000000e+00   0.0000000000000000e+00
   1.9885999999999999e+00   0.0000000000000000e+00   0.0000000000000000e+00
   1.9923999999999999e+00   0.0000000000000000e+00   0.0000000000000000e+00
   1.9962000000000000e+00   0.0000000000000000e+00   0.0000000000000000e+00
   2.0000000000000000e+00   0.0000000000000000e+00   0.0000000000000000e+00
