#! FIELDS distance hh2 dhh2_distance
#! SET normalisation    1.4880030000000000e+06
#! SET min_distance 0.1
#! SET max_distance 1.6
#! SET nbins_distance  500
#! SET periodic_distance false
   1.0000000000000001e-01   0.0000000000000000e+00   0.0000000000000000e+00
   1.0300000000000001e-01   0.0000000000000000e+00   0.0000000000000000e+00
   1.0600000000000001e-01   0.0000000000000000e+00   0.0000000000000000e+00
   1.0900000000000001e-01   0.0000000000000000e+00   0.0000000000000000e+00
   1.1200000000000000e-01   0.0000000000000000e+00   0.0000000000000000e+00
   1.1500000000000000e-01   0.0000000000000000e+00   0.0000000000000000e+00
   1.1800000000000001e-01   0.0000000000000000e+00   0.0000000000000000e+00
   1.2100000000000001e-01   0.0000000000000000e+00   0.0000000000000000e+00
   1.2400000000000000e-01   0.0000000000000000e+00   0.0000000000000000e+00
   1.2700000000000000e-01   0.0000000000000000e+00   0.0000000000000000e+00
   1.3000000000000000e-01   0.0000000000000000e+00   0.0000000000000000e+00
   1.3300000000000001e-01   0.0000000000000000e+00   0.0000000000000000e+00
   1.3600000000000001e-01   0.0000000000000000e+00   0.0000000000000000e+00
   1.3900000000000001e-01   0.0000000000000000e+00   0.0000000000000000e+00
   1.4200000000000002e-01   0.0000000000000000e+00   0.0000000000000000e+00
   1.4500000000000002e-01   0.0000000000000000e+00   0.0000000000000000e+00
   1.4800000000000002e-01   0.0000000000000000e+00   0.0000000000000000e+00
   1.5100000000000002e-01   0.0000000000000000e+00   0.0000000000000000e+00
   1.5400000000000000e-01   0.0000000000000000e+00   0.0000000000000000e+00
   1.5700000000000000e-01   0.0000000000000000e+00   0.0000000000000000e+00
   1.6000000000000000e-01   0.0000000000000000e+00   0.0000000000000000e+00
   1.6300000000000001e-01   0.0000000000000000e+00   0.0000000000000000e+00
   1.6600000000000001e-01   0.0000000000000000e+00   0.0000000000000000e+00
   1.6900000000000001e-01   0.0000000000000000e+00   0.0000000000000000e+00
   1.7200000000000001e-01   0.0000000000000000e+00   0.0000000000000000e+00
   1.7499999999999999e-01   0.0000000000000000e+00   0.0000000000000000e+00
   1.7799999999999999e-01   4.1794881723831766e-16   7.8251512179487111e-14
   1.8099999999999999e-01   9.5505656225957232e-15   1.7560181874501638e-12
   1.8400000000000000e-01   6.0047881756078172e-14   1.0969094679788854e-11
   1.8700000000000000e-01   4.0500348531777873e-13   7.3884273052415746e-11
   1.9000000000000000e-01   2.5180680365594412e-12   4.5844357309549369e-10
   1.9300000000000000e-01   1.2552473051239988e-11   2.2747227356790417e-09
   1.9600000000000001e-01   6.5564447534567816e-11   1.1868125609065934e-08
   1.9900000000000001e-01   2.8401726222174319e-10   5.1158077306056743e-08
   2.0200000000000001e-01   1.0357441243407677e-09   1.8514857740029590e-07
   2.0500000000000002e-01   3.3579319137748365e-09   5.9572169192880030e-07
   2.0800000000000002e-01   9.5925281855517541e-09   1.6863137029199621e-06
   2.1100000000000002e-01   2.5498002106054595e-08   4.4422007997989728e-06
   2.1400000000000002e-01   6.1654652063182318e-08   1.0619927204194551e-05
   2.1700000000000003e-01   1.3797884781507632e-07   2.3452143315266906e-05
   2.2000000000000000e-01   2.8784240432124434e-07   4.8160755266825507e-05
   2.2300000000000000e-01   5.6730142981342549e-07   9.3238052957912907e-05
   2.2600000000000001e-01   1.0727468895268950e-06   1.7302723263592671e-04
   2.2900000000000001e-01   1.9392932575878779e-06   3.0611153041604911e-04
   2.3200000000000001e-01   3.3862335407885978e-06   5.2218175811249512e-04
   2.3500000000000001e-01   5.7755760077489653e-06   8.6982095793949475e-04
   2.3800000000000002e-01   9.5693785546931696e-06   1.4042397642596877e-03
   2.4100000000000002e-01   1.5456563642227871e-05   2.2058384458631844e-03
   2.4400000000000002e-01   2.4497228085251515e-05   3.3977237551371551e-03
   2.4700000000000000e-01   3.8056514959933504e-05   5.1226763553794390e-03
   2.5000000000000000e-01   5.8152489058219460e-05   7.5931270157600338e-03
   2.5300000000000000e-01   8.7541496442790435e-05   1.1086872886807573e-02
   2.5600000000000001e-01   1.2978667751535481e-04   1.5935136788687389e-02
   2.5900000000000001e-01   1.8993299115568365e-04   2.2616481135473113e-02
   2.6200000000000001e-01   2.7474625978652815e-04   3.1760744427390013e-02
   2.6500000000000001e-01   3.9285055455856799e-04   4.4121861389098058e-02
   2.6800000000000002e-01   5.5677146985326866e-04   6.0895141379933994e-02
   2.7100000000000002e-01   7.8187208972795301e-04   8.3426237053509614e-02
   2.7400000000000002e-01   1.0903826859376023e-03   1.1385412638676580e-01
   2.7700000000000002e-01   1.5107321796557994e-03   1.5481537523443201e-01
   2.8000000000000003e-01   2.0798329877613183e-03   2.0966980553930922e-01
   2.8300000000000003e-01   2.8482536714427007e-03   2.8316999982480690e-01
   2.8600000000000003e-01   3.8803139727412216e-03   3.8108006088357749e-01
   2.8900000000000003e-01   5.2574541372635199e-03   5.1030586266100508e-01
   2.9200000000000004e-01   7.0863119499246707e-03   6.7973255320125070e-01
   2.9500000000000004e-01   9.5025870311689180e-03   9.0012133799967609e-01
   2.9800000000000004e-01   1.2670964214772092e-02   1.1830895098462191e+00
   3.0100000000000005e-01   1.6798367526312988e-02   1.5424637734948499e+00
   3.0400000000000005e-01   2.2134795536108979e-02   1.9931798222532107e+00
   3.0700000000000005e-01   2.8975336087468422e-02   2.5504077406184980e+00
   3.1000000000000000e-01   3.7658363433941959e-02   3.2281581576454030e+00
   3.1300000000000000e-01   4.8563297169663774e-02   4.0381664203235168e+00
   3.1600000000000000e-01   6.2100979665861714e-02   4.9880114138197404e+00
   3.1900000000000001e-01   7.8693296687141367e-02   6.0781549004158366e+00
   3.2200000000000001e-01   9.8752887097882033e-02   7.3002512538155475e+00
   3.2500000000000001e-01   1.2264836663631891e-01   8.6341786320128975e+00
   3.2800000000000001e-01   1.5067012773476604e-01   1.0046830788032862e+01
   3.3100000000000002e-01   1.8298898403213601e-01   1.1491167912145803e+01
   3.3400000000000002e-01   2.1961082747397973e-01   1.2905900045596489e+01
   3.3700000000000002e-01   2.6034038994869935e-01   1.4217806306845558e+01
   3.3999999999999997e-01   3.0474837560307971e-01   1.5344858823310679e+01
   3.4299999999999997e-01   3.5215184131640120e-01   1.6201088820849996e+01
   3.4599999999999997e-01   4.0161108885533381e-01   1.6702723687284017e+01
   3.4899999999999998e-01   4.5194827129531467e-01   1.6775478393549452e+01
   3.5199999999999998e-01   5.0178485336744150e-01   1.6361510576429058e+01
   3.5499999999999998e-01   5.4960250592649162e-01   1.5426229726560745e+01
   3.5799999999999998e-01   5.9382062480443842e-01   1.3963442132981440e+01
   3.6099999999999999e-01   6.3288611087595936e-01   1.1998301998931751e+01
   3.6399999999999999e-01   6.6537020511743561e-01   9.5879325954566443e+00
   3.6699999999999999e-01   6.9005991138287015e-01   6.8187224454048518e+00
   3.7000000000000000e-01   7.0603910939884407e-01   3.8011110893807891e+00
   3.7300000000000000e-01   7.1275009959248903e-01   6.6203918557989272e-01
   3.7600000000000000e-01   7.1002894663399641e-01  -2.4643523998843158e+00
   3.7900000000000000e-01   6.9811358741930596e-01  -5.4463164709884078e+00
   3.8200000000000001e-01   6.7762038137169911e-01  -8.1642096569771905e+00
   3.8500000000000001e-01   6.4949719499679137e-01  -1.0518323449474805e+01
   3.8800000000000001e-01   6.1495298638474194e-01  -1.2434905761206776e+01
   3.9100000000000001e-01   5.7537438969451404e-01  -1.3869564234000300e+01
   3.9400000000000002e-01   5.3223608284429103e-01  -1.4807907892305568e+01
   3.9700000000000002e-01   4.8701312834919497e-01  -1.5263530789580459e+01
   4.0000000000000002e-01   4.4110242842063369e-01  -1.5274059180011262e+01
   4.0300000000000002e-01   3.9575873768334002e-01  -1.4895661463154715e+01
   4.0600000000000003e-01   3.5204792091468562e-01  -1.4196701809463432e+01
   4.0900000000000003e-01   3.1082082962564522e-01  -1.3251312633405211e+01
   4.1200000000000003e-01   2.7270395918002210e-01  -1.2133987367902625e+01
   4.1500000000000004e-01   2.3810521639490220e-01  -1.0914177449179320e+01
   4.1800000000000004e-01   2.0723714651267197e-01  -9.6535516334800171e+00
   4.2100000000000004e-01   1.8013965208691646e-01  -8.4028127870088944e+00
   4.2400000000000004e-01   1.5671944954279921e-01  -7.2018195663821638e+00
   4.2700000000000005e-01   1.3678048181906458e-01  -6.0790701735904298e+00
   4.3000000000000005e-01   1.2005507343750142e-01  -5.0524503688319005e+00
   4.3300000000000005e-01   1.0623858904709585e-01  -4.1315335398509845e+00
   4.3600000000000005e-01   9.5010449194365104e-02  -3.3188736059073634e+00
   4.3900000000000006e-01   8.6051837362003600e-02  -2.6112617331556205e+00
   4.4200000000000006e-01   7.9058042196646625e-02  -2.0013127968859838e+00
   4.4500000000000006e-01   7.3757541321104833e-02  -1.4808284074397970e+00
   4.4800000000000006e-01   6.9899570919408321e-02  -1.0389236190477003e+00
   4.5100000000000007e-01   6.7266912630082082e-02  -6.6454418678803706e-01
   4.5399999999999996e-01   6.5676930111736795e-02  -3.4754899138105722e-01
   4.5699999999999996e-01   6.4975330667558825e-02  -7.8768851991924960e-02
   4.5999999999999996e-01   6.5031205748671383e-02   1.5050703652621683e-01
   4.6299999999999997e-01   6.5735631689164520e-02   3.4798141206334049e-01
   4.6599999999999997e-01   6.7003351722047425e-02   5.1910020396007273e-01
   4.6899999999999997e-01   6.8759379917042215e-02   6.6913205115673546e-01
   4.7199999999999998e-01   7.0946103452275006e-02   8.0126451853505876e-01
   4.7499999999999998e-01   7.3512961873647698e-02   9.1821457467481971e-01
   4.7799999999999998e-01   7.6414898066274245e-02   1.0223414625290035e+00
   4.8099999999999998e-01   7.9615077431592796e-02   1.1144185456276827e+00
   4.8399999999999999e-01   8.3077709913543477e-02   1.1954840816025158e+00
   4.8699999999999999e-01   8.6771026274136964e-02   1.2663567418142998e+00
   4.8999999999999999e-01   9.0664506647709503e-02   1.3275943840511411e+00
   4.9299999999999999e-01   9.4730046681379659e-02   1.3796280453455103e+00
   4.9600000000000000e-01   9.8940301686420248e-02   1.4231944218478274e+00
   4.9900000000000000e-01   1.0326992647898764e-01   1.4587338956058529e+00
   5.0200000000000000e-01   1.0769625527412115e-01   1.4871067934983175e+00
   5.0500000000000000e-01   1.1219846579967865e-01   1.5091156516376163e+00
   5.0800000000000001e-01   1.1675950934920480e-01   1.5255869988086666e+00
   5.1100000000000001e-01   1.2136395630486060e-01   1.5376227548793429e+00
   5.1400000000000001e-01   1.2599891849596911e-01   1.5459779651860348e+00
   5.1700000000000002e-01   1.3065459527925061e-01   1.5514748998345200e+00
   5.2000000000000002e-01   1.3532581686836978e-01   1.5555245785766525e+00
   5.2300000000000002e-01   1.4000801267578708e-01   1.5588432476750167e+00
   5.2600000000000002e-01   1.4470132597782398e-01   1.5628436045399827e+00
   5.2900000000000003e-01   1.4940960238899062e-01   1.5685362699584500e+00
   5.3200000000000003e-01   1.5413925703370621e-01   1.5771364608324707e+00
   5.3500000000000003e-01   1.5890105711097710e-01   1.5899674621279534e+00
   5.3800000000000003e-01   1.6370815682251705e-01   1.6079490057449535e+00
   5.4100000000000004e-01   1.6857944906230629e-01   1.6323737875651465e+00
   5.4400000000000004e-01   1.7353507638473209e-01   1.6641271052911997e+00
   5.4700000000000004e-01   1.7859743699665692e-01   1.7037408914640950e+00
   5.5000000000000004e-01   1.8379161414264300e-01   1.7516093023316346e+00
   5.5300000000000005e-01   1.8914173968118148e-01   1.8074936433043294e+00
   5.5600000000000005e-01   1.9466899598195966e-01   1.8706958562712177e+00
   5.5900000000000005e-01   2.0039594347916742e-01   1.9403072636051164e+00
   5.6200000000000006e-01   2.0633952449272458e-01   2.0149202136067150e+00
   5.6500000000000006e-01   2.1251169591405999e-01   2.0926372482399720e+00
   5.6800000000000006e-01   2.1891718827502984e-01   2.1710286676346473e+00
   5.7100000000000006e-01   2.2555503460011125e-01   2.2476690087841957e+00
   5.7400000000000007e-01   2.3241595484871322e-01   2.3198606161694553e+00
   5.7700000000000007e-01   2.3948260774038255e-01   2.3846777700632860e+00
   5.7999999999999996e-01   2.4672922078993559e-01   2.4393562113007961e+00
   5.8299999999999996e-01   2.5412070697026029e-01   2.4809219511531895e+00
   5.8599999999999997e-01   2.6161355810424097e-01   2.5068108438456460e+00
   5.8899999999999997e-01   2.6915709310041497e-01   2.5146704054216014e+00
   5.9199999999999997e-01   2.7669402859748776e-01   2.5022789547003117e+00
   5.9499999999999997e-01   2.8416065468832352e-01   2.4676927127381645e+00
   5.9799999999999998e-01   2.9148950286445602e-01   2.4099737820946734e+00
   6.0099999999999998e-01   2.9860917713205204e-01   2.3285334719923938e+00
   6.0399999999999998e-01   3.0545002338316585e-01   2.2235560400553198e+00
   6.0699999999999998e-01   3.1194153974881844e-01   2.0960552432893729e+00
   6.0999999999999999e-01   3.1801834012613883e-01   1.9480440199095530e+00
   6.1299999999999999e-01   3.2362493260789865e-01   1.7828811878487683e+00
   6.1599999999999999e-01   3.2871544459587004e-01   1.6048596062603497e+00
   6.1899999999999999e-01   3.3325946996645778e-01   1.4194221279559005e+00
   6.2200000000000000e-01   3.3724433343938176e-01   1.2328789036505290e+00
   6.2500000000000000e-01   3.4067727973292483e-01   1.0526521795008354e+00
   6.2800000000000000e-01   3.4358740790454950e-01   8.8554191364920276e-01
   6.3100000000000001e-01   3.4602639544407837e-01   7.3914376498158063e-01
   6.3400000000000001e-01   3.4806549934971148e-01   6.2043623079351595e-01
   6.3700000000000001e-01   3.4979723780896044e-01   5.3513185117905582e-01
   6.4000000000000001e-01   3.5132752620227692e-01   4.8738938199844639e-01
   6.4300000000000002e-01   3.5277481981567099e-01   4.7993056368322906e-01
   6.4600000000000002e-01   3.5426060448371227e-01   5.1308325948551747e-01
   6.4900000000000002e-01   3.5590583444954427e-01   5.8563980854131215e-01
   6.5200000000000002e-01   3.5782398607026578e-01   6.9433752869940835e-01
   6.5500000000000003e-01   3.6011485748252853e-01   8.3424332883339614e-01
   6.5800000000000003e-01   3.6286486887470976e-01   9.9952700751302404e-01
   6.6100000000000003e-01   3.6613940603688588e-01   1.1828940290111472e+00
   6.6400000000000003e-01   3.6998305446686625e-01   1.3772522528593809e+00
   6.6700000000000004e-01   3.7441610537611547e-01   1.5758262773538474e+00
   6.7000000000000004e-01   3.7944218484346320e-01   1.7714909697124619e+00
   6.7300000000000004e-01   3.8504225692153649e-01   1.9585376828174890e+00
   6.7600000000000005e-01   3.9118439909803965e-01   2.1321309374827084e+00
   6.7899999999999994e-01   3.9782302469838743e-01   2.2884509697271245e+00
   6.8199999999999994e-01   4.0489954358840191e-01   2.4247119404390118e+00
   6.8499999999999994e-01   4.1235366503399062e-01   2.5391366655071583e+00
   6.8799999999999994e-01   4.2011769772905844e-01   2.6317743200762873e+00
   6.9099999999999995e-01   4.2812549449099235e-01   2.7026411427300072e+00
   6.9399999999999995e-01   4.3631422635503853e-01   2.7527831542866323e+00
   6.9699999999999995e-01   4.4462554068656074e-01   2.7845140019001842e+00
   6.9999999999999996e-01   4.5300718381027916e-01   2.8000091841491859e+00
   7.0299999999999996e-01   4.6141659945197899e-01   2.8019425789210479e+00
   7.0599999999999996e-01   4.6981584554176486e-01   2.7937551094393887e+00
   7.0899999999999996e-01   4.7817903285843932e-01   2.7785362061558874e+00
   7.1199999999999997e-01   4.8649203806247482e-01   2.7594627546133927e+00
   7.1499999999999997e-01   4.9474615680807282e-01   2.7391598713497438e+00
   7.1799999999999997e-01   5.0294441757063257e-01   2.7209978208072387e+00
   7.2099999999999997e-01   5.1109515617224455e-01   2.7072860868757238e+00
   7.2399999999999998e-01   5.1921507637262720e-01   2.7002315304587823e+00
   7.2699999999999998e-01   5.2732781236455073e-01   2.7019804978131181e+00
   7.2999999999999998e-01   5.3546199168075459e-01   2.7137472676002830e+00
   7.3299999999999998e-01   5.4364904444769169e-01   2.7369894583946661e+00
   7.3599999999999999e-01   5.5192446983483734e-01   2.7727510308652659e+00
   7.3899999999999999e-01   5.6032851924497262e-01   2.8222822232123028e+00
   7.4199999999999999e-01   5.6890476715612259e-01   2.8860998260242967e+00
   7.4500000000000000e-01   5.7769413005315207e-01   2.9650582411466164e+00
   7.4800000000000000e-01   5.8674412090264150e-01   3.0596751741385568e+00
   7.5100000000000000e-01   5.9610342463560684e-01   3.1708022617559273e+00
   7.5400000000000000e-01   6.0582100758877844e-01   3.2982265374735436e+00
   7.5700000000000001e-01   6.1594715257311206e-01   3.4420080204544710e+00
   7.6000000000000001e-01   6.2653216386028343e-01   3.6028171735285306e+00
   7.6300000000000001e-01   6.3762274235056615e-01   3.7794361460413630e+00
   7.6600000000000001e-01   6.4926713402562319e-01   3.9714172364778313e+00
   7.6900000000000002e-01   6.6151157440060049e-01   4.1780753928958250e+00
   7.7200000000000002e-01   6.7439441219316543e-01   4.3979957237893057e+00
   7.7500000000000002e-01   6.8795688963858048e-01   4.6294546618242238e+00
   7.7800000000000002e-01   7.0222927790778944e-01   4.8711447252065945e+00
   7.8100000000000003e-01   7.1724122642238475e-01   5.1217283830098008e+00
   7.8400000000000003e-01   7.3301874111367127e-01   5.3799714111180990e+00
   7.8700000000000003e-01   7.4958451640153467e-01   5.6447691006114606e+00
   7.9000000000000004e-01   7.6695322291537027e-01   5.9149101733169429e+00
   7.9300000000000004e-01   7.8513665817053191e-01   6.1885680257284248e+00
   7.9600000000000004e-01   8.0414746616136457e-01   6.4653017904359054e+00
   7.9900000000000004e-01   8.2399218709903554e-01   6.7438121014327024e+00
   8.0200000000000005e-01   8.4468020948379452e-01   7.0238544284539906e+00
   8.0499999999999994e-01   8.6620603698010001e-01   7.3034911243584437e+00
   8.0799999999999994e-01   8.8857051251373509e-01   7.5813007322036920e+00
   8.1099999999999994e-01   9.1176302551712984e-01   7.8558532256034512e+00
   8.1399999999999995e-01   9.3577447401841052e-01   8.1255066736560977e+00
   8.1699999999999995e-01   9.6058533172386129e-01   8.3882770999983070e+00
   8.1999999999999995e-01   9.8617435006141285e-01   8.6426014559331996e+00
   8.2299999999999995e-01   1.0125142370466871e+00   8.8876850399027578e+00
   8.2599999999999996e-01   1.0395710763638217e+00   9.1216999664548304e+00
   8.2899999999999996e-01   1.0673124244197369e+00   9.3433394810246160e+00
   8.3199999999999996e-01   1.0957015260609002e+00   9.5524172750557401e+00
   8.3499999999999996e-01   1.1246992506430473e+00   9.7486987524140183e+00
   8.3799999999999997e-01   1.1542687641556424e+00   9.9316426563179707e+00
   8.4099999999999997e-01   1.1843642747027392e+00   1.0099943469316802e+01
   8.4399999999999997e-01   1.2149439772910680e+00   1.0254000288162416e+01
   8.4699999999999998e-01   1.2459617388804647e+00   1.0391849630911548e+01
   8.4999999999999998e-01   1.2773718308896951e+00   1.0513304042278335e+01
   8.5299999999999998e-01   1.3091146646815903e+00   1.0615313091057299e+01
   8.5599999999999998e-01   1.3411362959267172e+00   1.0697274843777393e+01
   8.5899999999999999e-01   1.3733695607350711e+00   1.0757371718665011e+01
   8.6199999999999999e-01   1.4057512711417934e+00   1.0794586907825879e+01
   8.6499999999999999e-01   1.4382037021352063e+00   1.0808362399242665e+01
   8.6799999999999999e-01   1.4706653314637488e+00   1.0799777014292086e+01
   8.7100000000000000e-01   1.5030668925536579e+00   1.0769520636457781e+01
   8.7400000000000000e-01   1.5353455279977128e+00   1.0720169170015794e+01
   8.7700000000000000e-01   1.5674484955575618e+00   1.0653811906036568e+01
   8.8000000000000000e-01   1.5993293387595788e+00   1.0573508396838488e+01
   8.8300000000000001e-01   1.6309572743144212e+00   1.0483044118932606e+01
   8.8600000000000001e-01   1.6622925301138791e+00   1.0383675664109401e+01
   8.8900000000000001e-01   1.6933163342374657e+00   1.0276799414476278e+01
   8.9200000000000002e-01   1.7240067224343696e+00   1.0162500641632269e+01
   8.9500000000000002e-01   1.7543384107030129e+00   1.0039313375337715e+01
   8.9800000000000002e-01   1.7842809729775078e+00   9.9047470725839428e+00
   9.0100000000000002e-01   1.8137930026991802e+00   9.7538474980608552e+00
   9.0400000000000003e-01   1.8428197177540444e+00   9.5818483784920456e+00
   9.0700000000000003e-01   1.8712876240400571e+00   9.3833388588935822e+00
   9.1000000000000003e-01   1.8991056971742106e+00   9.1510986537993411e+00
   9.1300000000000003e-01   1.9261672924633060e+00   8.8803275854314059e+00
   9.1600000000000004e-01   1.9523503747563857e+00   8.5674580605737667e+00
   9.1900000000000004e-01   1.9775244696501688e+00   8.2086061598846438e+00
   9.2200000000000004e-01   2.0015457920331330e+00   7.8024028599634070e+00
   9.2500000000000004e-01   2.0242796107900736e+00   7.3501721156272630e+00
   9.2800000000000005e-01   2.0455870366145397e+00   6.8539310635373916e+00
   9.3100000000000005e-01   2.0653345585542597e+00   6.3167422258611854e+00
   9.3399999999999994e-01   2.0834081938374673e+00   5.7432164891904849e+00
   9.3699999999999994e-01   2.0997085770155248e+00   5.1376411036134586e+00
   9.3999999999999995e-01   2.1141518136865796e+00   4.5057522655399111e+00
   9.4299999999999995e-01   2.1266617660833513e+00   3.8537697274973408e+00
   9.4599999999999995e-01   2.1371870641930841e+00   3.1863932831866748e+00
   9.4899999999999995e-01   2.1456867854604385e+00   2.5109214542770779e+00
   9.5199999999999996e-01   2.1521536469835296e+00   1.8319602407661559e+00
   9.5499999999999996e-01   2.1565827616400495e+00   1.1557822786565768e+00
   9.5799999999999996e-01   2.1589956365712575e+00   4.8903491273121147e-01
   9.6099999999999997e-01   2.1594263308871451e+00  -1.6165689116842652e-01
   9.6399999999999997e-01   2.1579328326798710e+00  -7.9077419417265027e-01
   9.6699999999999997e-01   2.1545900928362540e+00  -1.3912171336772237e+00
   9.6999999999999997e-01   2.1494877487682200e+00  -1.9574333659829761e+00
   9.7299999999999998e-01   2.1427458296521276e+00  -2.4847048785280652e+00
   9.7599999999999998e-01   2.1344846096040704e+00  -2.9691160361075393e+00
   9.7899999999999998e-01   2.1248364257019388e+00  -3.4065953746238056e+00
   9.8199999999999998e-01   2.1139431701003057e+00  -3.7952035516794096e+00
   9.8499999999999999e-01   2.1019560683501259e+00  -4.1336611275267678e+00
   9.8799999999999999e-01   2.0890309889357184e+00  -4.4219252417625485e+00
   9.9099999999999999e-01   2.0753128872687214e+00  -4.6589872127759184e+00
   9.9399999999999999e-01   2.0609560459064729e+00  -4.8449189199836296e+00
   9.9700000000000000e-01   2.0461141120808364e+00  -4.9785239891904487e+00
   1.0000000000000000e+00   2.0309473427870026e+00  -5.0625906378274834e+00
   1.0030000000000001e+00   2.0156053212697667e+00  -5.0929332747674634e+00
   1.0060000000000000e+00   2.0002507891974792e+00  -5.0715570693570378e+00
   1.0090000000000001e+00   1.9850361788264712e+00  -4.9975461010293829e+00
   1.0120000000000000e+00   1.9701210413548200e+00  -4.8738363074201603e+00
   1.0150000000000001e+00   1.9556465454781540e+00  -4.7004872602251799e+00
   1.0180000000000000e+00   1.9417673999924161e+00  -4.4809288461141970e+00
   1.0210000000000001e+00   1.9286060646094279e+00  -4.2200476972582139e+00
   1.0240000000000000e+00   1.9162837389714507e+00  -3.9224627893996464e+00
   1.0270000000000001e+00   1.9049048764946894e+00  -3.5943539699526075e+00
   1.0300000000000000e+00   1.8945380600204096e+00  -3.2415333347862867e+00
   1.0330000000000001e+00   1.8852643524036550e+00  -2.8727726694571150e+00
   1.0360000000000000e+00   1.8771152477490047e+00  -2.4931682342834782e+00
   1.0390000000000001e+00   1.8701137929271907e+00  -2.1089785494170936e+00
   1.0420000000000000e+00   1.8642684942939161e+00  -1.7251274813651847e+00
   1.0450000000000002e+00   1.8595728535651317e+00  -1.3456403874348137e+00
   1.0480000000000000e+00   1.8560045460941359e+00  -9.7463467861452802e-01
   1.0510000000000002e+00   1.8535344527851125e+00  -6.1344974118416518e-01
   1.0540000000000000e+00   1.8521305986696723e+00  -2.6352628957973723e-01
   1.0570000000000002e+00   1.8517665872321896e+00   7.4042560858912948e-02
   1.0600000000000001e+00   1.8523989192596830e+00   3.9965098322575360e-01
   1.0629999999999999e+00   1.8539953256686490e+00   7.1570426762263917e-01
   1.0660000000000001e+00   1.8565219881605921e+00   1.0204249601254649e+00
   1.0690000000000000e+00   1.8599554600183847e+00   1.3156506132947139e+00
   1.0720000000000001e+00   1.8642570544801709e+00   1.6026606172008127e+00
   1.0750000000000000e+00   1.8694144899550920e+00   1.8826034458576535e+00
   1.0780000000000001e+00   1.8754046957345254e+00   2.1546587429969044e+00
   1.0810000000000000e+00   1.8822085279623118e+00   2.4220633959964775e+00
   1.0840000000000001e+00   1.8898027385779483e+00   2.6829951455494543e+00
   1.0870000000000000e+00   1.8981727021263213e+00   2.9386411698598107e+00
   1.0900000000000001e+00   1.9073101021126619e+00   3.1892678352155546e+00
   1.0930000000000000e+00   1.9171915335720433e+00   3.4323086340766733e+00
   1.0960000000000001e+00   1.9277969436916018e+00   3.6682267606238068e+00
   1.0990000000000000e+00   1.9390962536686636e+00   3.8950916446101456e+00
   1.1020000000000001e+00   1.9510605802717760e+00   4.1094321924614663e+00
   1.1050000000000002e+00   1.9636462436135000e+00   4.3101835517573699e+00
   1.1080000000000001e+00   1.9768145137491775e+00   4.4949443173931769e+00
   1.1110000000000002e+00   1.9905172543014813e+00   4.6621480421680674e+00
   1.1140000000000001e+00   2.0046893331524305e+00   4.8110327998646385e+00
   1.1170000000000002e+00   2.0192856333136411e+00   4.9411887555909351e+00
   1.1200000000000001e+00   2.0342481926995464e+00   5.0559961459593152e+00
   1.1230000000000002e+00   2.0495369920372055e+00   5.1567562105426559e+00
   1.1260000000000001e+00   2.0651121535970400e+00   5.2471979113512095e+00
   1.1290000000000000e+00   2.0809497876100562e+00   5.3308772453681081e+00
   1.1320000000000001e+00   2.0970355737383821e+00   5.4130853274445307e+00
   1.1350000000000000e+00   2.1133656590963676e+00   5.4968070193835299e+00
   1.1380000000000001e+00   2.1299605853758843e+00   5.5863692482588743e+00
   1.1410000000000000e+00   2.1468370022695247e+00   5.6843198721033517e+00
   1.1440000000000001e+00   2.1640146688082842e+00   5.7913217937355856e+00
   1.1470000000000000e+00   2.1815392385497829e+00   5.9085756021353175e+00
   1.1500000000000001e+00   2.1994281033550269e+00   6.0371027867133948e+00
   1.1530000000000000e+00   2.2177173795539082e+00   6.1739234486474368e+00
   1.1560000000000001e+00   2.2364204385498203e+00   6.3149542630423054e+00
   1.1590000000000000e+00   2.2555498129555520e+00   6.4562760886244908e+00
   1.1620000000000001e+00   2.2751081576111600e+00   6.5959343834395465e+00
   1.1650000000000000e+00   2.2950661715473486e+00   6.7285384877012060e+00
   1.1680000000000001e+00   2.3154151938440561e+00   6.8498934463816008e+00
   1.1710000000000000e+00   2.3361063317117798e+00   6.9572146681206259e+00
   1.1740000000000002e+00   2.3570898494280930e+00   7.0477379459267215e+00
   1.1770000000000000e+00   2.3783254133125857e+00   7.1194638520438653e+00
   1.1800000000000002e+00   2.3997448793983627e+00   7.1725495884183532e+00
   1.1830000000000001e+00   2.4212954324356510e+00   7.2060194573810046e+00
   1.1860000000000002e+00   2.4429153174831466e+00   7.2208479284688583e+00
   1.1890000000000001e+00   2.4645532886135539e+00   7.2197960392424498e+00
   1.1920000000000002e+00   2.4861650699375040e+00   7.2056614320196752e+00
   1.1950000000000001e+00   2.5077240877694900e+00   7.1813916407910172e+00
   1.1980000000000002e+00   2.5291980296858707e+00   7.1514014293078718e+00
   1.2010000000000001e+00   2.5505838173636057e+00   7.1204516122946355e+00
   1.2040000000000002e+00   2.5718777276541496e+00   7.0932865853700839e+00
   1.2070000000000001e+00   2.5930922786825144e+00   7.0716426190823691e+00
   1.2100000000000002e+00   2.6142668770529220e+00   7.0638386211620965e+00
   1.2130000000000001e+00   2.6354469554755440e+00   7.0697055377532889e+00
   1.2160000000000002e+00   2.6566619522469699e+00   7.0914819506898743e+00
   1.2190000000000001e+00   2.6779536200790321e+00   7.1260912457441332e+00
   1.2220000000000002e+00   2.6993746249353801e+00   7.1782823325343852e+00
   1.2250000000000001e+00   2.7209799372443655e+00   7.2448572845179546e+00
   1.2280000000000002e+00   2.7427971522726984e+00   7.3249213642750970e+00
   1.2310000000000001e+00   2.7648880614669040e+00   7.4158706345420127e+00
   1.2340000000000002e+00   2.7872623021705940e+00   7.5154453816822420e+00
   1.2370000000000001e+00   2.8099391933424989e+00   7.6239182797880405e+00
   1.2400000000000002e+00   2.8329454824046367e+00   7.7347227929771805e+00
   1.2430000000000001e+00   2.8562864214888504e+00   7.8490710152062508e+00
   1.2460000000000002e+00   2.8799543021963800e+00   7.9596541346726832e+00
   1.2490000000000001e+00   2.9039669080412809e+00   8.0678086301919514e+00
   1.2520000000000002e+00   2.9283075733607991e+00   8.1706418529079592e+00
   1.2550000000000001e+00   2.9529203993364623e+00   8.2605674378821679e+00
   1.2580000000000000e+00   2.9777860388402706e+00   8.3365353026209412e+00
   1.2610000000000001e+00   3.0028480851877744e+00   8.3913694869352593e+00
   1.2640000000000000e+00   3.0280470263731876e+00   8.4253052729467601e+00
   1.2670000000000001e+00   3.0533016994458322e+00   8.4348284945787544e+00
   1.2700000000000000e+00   3.0785591179472296e+00   8.4225461412848421e+00
   1.2730000000000001e+00   3.1037470000770537e+00   8.3878540917537219e+00
   1.2760000000000000e+00   3.1287851793294563e+00   8.3315477570177308e+00
   1.2790000000000001e+00   3.1536646816891869e+00   8.2674877848342678e+00
   1.2820000000000000e+00   3.1782902296886424e+00   8.1866794031735992e+00
   1.2850000000000001e+00   3.2027195965483308e+00   8.1137992665075522e+00
   1.2880000000000000e+00   3.2269538838635059e+00   8.0523756331768865e+00
   1.2910000000000001e+00   3.2510097292356317e+00   8.0030181080307674e+00
   1.2940000000000000e+00   3.2749483676245417e+00   7.9788344344885029e+00
   1.2970000000000002e+00   3.2988754197342431e+00   7.9907089992853528e+00
   1.3000000000000000e+00   3.3228335920052277e+00   8.0301472149866946e+00
   1.3030000000000002e+00   3.3469466247913648e+00   8.1019475969923676e+00
   1.3060000000000000e+00   3.3713056234173733e+00   8.2059518969320315e+00
   1.3090000000000002e+00   3.3960309905596104e+00   8.3459324163419044e+00
   1.3120000000000001e+00   3.4212819997618911e+00   8.5213437786803023e+00
   1.3150000000000002e+00   3.4470668640773359e+00   8.7163650333306855e+00
   1.3180000000000001e+00   3.4733519912971578e+00   8.9010644338214089e+00
   1.3210000000000002e+00   3.5007126939369253e+00   9.1619495197305429e+00
   1.3240000000000001e+00   3.5284011758716169e+00   9.3506757201766888e+00
   1.3270000000000002e+00   3.5565422072991923e+00   9.4829454336551109e+00
   1.3300000000000001e+00   3.5849246114042663e+00   9.5283455785136333e+00
   1.3330000000000002e+00   3.6133179588536697e+00   9.4642868459871163e+00
   1.3360000000000001e+00   3.6414915083829564e+00   9.2880884613256125e+00
   1.3390000000000002e+00   3.6687974515932624e+00   8.9399020310106572e+00
   1.3420000000000001e+00   3.6945221763361307e+00   8.3638279296622766e+00
   1.3450000000000002e+00   3.7181958432707369e+00   7.5723991588767117e+00
   1.3480000000000001e+00   3.7391580121566652e+00   6.5567634568399624e+00
   1.3510000000000002e+00   3.7567316982448826e+00   5.3157219977254728e+00
   1.3540000000000001e+00   3.7702571176281778e+00   3.8502290286422931e+00
   1.3570000000000002e+00   3.7790400235735473e+00   2.1691198748280986e+00
   1.3600000000000001e+00   3.7824390547328353e+00   2.6567902209824640e-01
   1.3630000000000002e+00   3.7797792594369217e+00  -1.8778486095175106e+00
   1.3660000000000001e+00   3.7703083983233228e+00  -4.2946470909536414e+00
   1.3690000000000002e+00   3.7531133313423006e+00  -7.0287976672699397e+00
   1.3720000000000001e+00   3.7271503250653710e+00  -1.0146787221632005e+01
   1.3750000000000002e+00   3.6911677851441445e+00  -1.3721564456912828e+01
   1.3780000000000001e+00   3.6436854918517048e+00  -1.7816273573670291e+01
   1.3810000000000000e+00   3.5830702997169710e+00  -2.2474494223547335e+01
   1.3840000000000001e+00   3.5076293925521340e+00  -2.7703148444640426e+01
   1.3870000000000000e+00   3.4157116119619571e+00  -3.3450933562208476e+01
   1.3900000000000001e+00   3.3058941503060257e+00  -3.9598994745653407e+01
   1.3930000000000000e+00   3.1772674920708042e+00  -4.5973591736003407e+01
   1.3960000000000001e+00   3.0294646351341998e+00  -5.2322519339963797e+01
   1.3990000000000000e+00   2.8629830644358782e+00  -5.8358504485274544e+01
   1.4020000000000001e+00   2.6792578509265383e+00  -6.3776498334864179e+01
   1.4050000000000000e+00   2.4806016408159901e+00  -6.8265521069630424e+01
   1.4080000000000001e+00   2.2702180384704929e+00  -7.1552067862065300e+01
   1.4110000000000000e+00   2.0520499238386996e+00  -7.3426459516415136e+01
   1.4140000000000001e+00   1.8305426053423954e+00  -7.3762823210264258e+01
   1.4170000000000000e+00   1.6103652195692926e+00  -7.2531237608472082e+01
   1.4200000000000002e+00   1.3961447826990627e+00  -6.9807121040389845e+01
   1.4230000000000000e+00   1.1921574150195187e+00  -6.5760256669267193e+01
   1.4260000000000002e+00   1.0019722946426182e+00  -6.0619081054558727e+01
   1.4290000000000000e+00   8.2852655390349361e-01  -5.4694942971552813e+01
   1.4320000000000002e+00   6.7360674031156831e-01  -4.8280748436339579e+01
   1.4350000000000001e+00   5.3824177712327315e-01  -4.1699877192615396e+01
   1.4380000000000002e+00   4.2252136407462942e-01  -3.5240369505613344e+01
   1.4410000000000001e+00   3.2569646409152170e-01  -2.9133098849750471e+01
   1.4440000000000002e+00   2.4640751214919665e-01  -2.3552784680785859e+01
   1.4470000000000001e+00   1.8297865467269686e-01  -1.8634496130902235e+01
   1.4500000000000002e+00   1.3328404475256186e-01  -1.4418686946200751e+01
   1.4530000000000001e+00   9.5192057860044102e-02  -1.0908193879791863e+01
   1.4560000000000002e+00   6.6613993743481328e-02  -8.0631099615660311e+00
   1.4590000000000001e+00   4.5587882590423727e-02  -5.8100039091399411e+00
   1.4620000000000002e+00   3.0543662483941404e-02  -4.0895550212439229e+00
   1.4650000000000001e+00   2.0098234348909998e-02  -2.8245209031530516e+00
   1.4680000000000002e+00   1.2520971688956033e-02  -1.8272385370964284e+00
   1.4710000000000001e+00   7.7754689819012146e-03  -1.1837755004346835e+00
   1.4740000000000002e+00   4.7007296226521398e-03  -7.4562509817991030e-01
   1.4770000000000001e+00   2.7409131874899708e-03  -4.5220412885779415e-01
   1.4800000000000002e+00   1.4804750732520685e-03  -2.5309888583610052e-01
   1.4830000000000001e+00   5.6717917501306492e-04  -9.9133255791917757e-02
   1.4860000000000002e+00   0.0000000000000000e+00   0.0000000000000000e+00
   1.4890000000000001e+00   0.0000000000000000e+00   0.0000000000000000e+00
   1.4920000000000002e+00   0.0000000000000000e+00   0.0000000000000000e+00
   1.4950000000000001e+00   0.0000000000000000e+00   0.0000000000000000e+00
   1.4980000000000002e+00   0.0000000000000000e+00   0.0000000000000000e+00
   1.5010000000000001e+00   0.0000000000000000e+00   0.0000000000000000e+00
   1.5040000000000002e+00   0.0000000000000000e+00   0.0000000000000000e+00
   1.5070000000000001e+00   0.0000000000000000e+00   0.0000000000000000e+00
   1.5100000000000000e+00   0.0000000000000000e+00   0.0000000000000000e+00
   1.5130000000000001e+00   0.0000000000000000e+00   0.0000000000000000e+00
   1.5160000000000000e+00   0.0000000000000000e+00   0.0000000000000000e+00
   1.5190000000000001e+00   0.0000000000000000e+00   0.0000000000000000e+00
   1.5220000000000000e+00   0.0000000000000000e+00   0.0000000000000000e+00
   1.5250000000000001e+00   0.0000000000000000e+00   0.0000000000000000e+00
   1.5280000000000000e+00   0.0000000000000000e+00   0.0000000000000000e+00
   1.5310000000000001e+00   0.0000000000000000e+00   0.0000000000000000e+00
   1.5340000000000000e+00   0.0000000000000000e+00   0.0000000000000000e+00
   1.5370000000000001e+00   0.0000000000000000e+00   0.0000000000000000e+00
   1.5400000000000000e+00   0.0000000000000000e+00   0.0000000000000000e+00
   1.5430000000000001e+00   0.0000000000000000e+00   0.0000000000000000e+00
   1.5460000000000000e+00   0.0000000000000000e+00   0.0000000000000000e+00
   1.5490000000000002e+00   0.0000000000000000e+00   0.0000000000000000e+00
   1.5520000000000000e+00   0.0000000000000000e+00   0.0000000000000000e+00
   1.5550000000000002e+00   0.0000000000000000e+00   0.0000000000000000e+00
   1.5580000000000001e+00   0.0000000000000000e+00   0.0000000000000000e+00
   1.5610000000000002e+00   0.0000000000000000e+00   0.0000000000000000e+00
   1.5640000000000001e+00   0.0000000000000000e+00   0.0000000000000000e+00
   1.5670000000000002e+00   0.0000000000000000e+00   0.0000000000000000e+00
   1.5700000000000001e+00   0.0000000000000000e+00   0.0000000000000000e+00
   1.5730000000000002e+00   0.0000000000000000e+00   0.0000000000000000e+00
   1.5760000000000001e+00   0.0000000000000000e+00   0.0000000000000000e+00
   1.5790000000000002e+00   0.0000000000000000e+00   0.0000000000000000e+00
   1.5820000000000001e+00   0.0000000000000000e+00   0.0000000000000000e+00
   1.5850000000000002e+00   0.0000000000000000e+00   0.0000000000000000e+00
   1.5880000000000001e+00   0.0000000000000000e+00   0.0000000000000000e+00
   1.5910000000000002e+00   0.0000000000000000e+00   0.0000000000000000e+00
   1.5940000000000001e+00   0.0000000000000000e+00   0.0000000000000000e+00
   1.5970000000000002e+00   0.0000000000000000e+00   0.0000000000000000e+00
   1.6000000000000001e+00   0.0000000000000000e+00   0.0000000000000000e+00
