#! FIELDS distance hh2 dhh2_distance
#! SET normalisation    1.2116650000000000e+06
#! SET min_distance 0.1
#! SET max_distance 1.6
#! SET nbins_distance  500
#! SET periodic_distance false
   1.0000000000000001e-01   0.0000000000000000e+00   0.0000000000000000e+00
   1.0300000000000001e-01   0.0000000000000000e+00   0.0000000000000000e+00
   1.0600000000000001e-01   0.0000000000000000e+00   0.0000000000000000e+00
   1.0900000000000001e-01   0.0000000000000000e+00   0.0000000000000000e+00
   1.1200000000000000e-01   0.0000000000000000e+00   0.0000000000000000e+00
   1.1500000000000000e-01   0.0000000000000000e+00   0.0000000000000000e+00
   1.1800000000000001e-01   0.0000000000000000e+00   0.0000000000000000e+00
   1.2100000000000001e-01   0.0000000000000000e+00   0.0000000000000000e+00
   1.2400000000000000e-01   0.0000000000000000e+00   0.0000000000000000e+00
   1.2700000000000000e-01   0.0000000000000000e+00   0.0000000000000000e+00
   1.3000000000000000e-01   0.0000000000000000e+00   0.0000000000000000e+00
   1.3300000000000001e-01   0.0000000000000000e+00   0.0000000000000000e+00
   1.3600000000000001e-01   0.0000000000000000e+00   0.0000000000000000e+00
   1.3900000000000001e-01   8.1237854688944488e-18   1.4937407436292940e-15
   1.4200000000000002e-01   3.2951480715747967e-17   5.9874444397275181e-15
   1.4500000000000002e-01   2.5607897440369324e-16   4.6984201182014590e-14
   1.4800000000000002e-01   9.0700195874641462e-16   1.6324371538671826e-13
   1.5100000000000002e-01   1.0162290724972519e-14   1.8533535489600890e-12
   1.5400000000000000e-01   6.9884083685315280e-14   1.2727617170887553e-11
   1.5700000000000000e-01   2.8574293104537678e-13   5.1543520074238045e-11
   1.6000000000000000e-01   1.7450957761835142e-12   3.1573354489953812e-10
   1.6300000000000001e-01   7.4338000819752855e-12   1.3390216947504969e-09
   1.6600000000000001e-01   2.4945887295691438e-11   4.4416535230360004e-09
   1.6900000000000001e-01   7.7007118216751375e-11   1.3578946710119653e-08
   1.7200000000000001e-01   2.1284509210100566e-10   3.7232359281202449e-08
   1.7499999999999999e-01   6.3237940307473669e-10   1.1056337895698707e-07
   1.7799999999999999e-01   1.6206572374380868e-09   2.8090910500308535e-07
   1.8099999999999999e-01   3.9967734243955836e-09   6.8729602075394321e-07
   1.8400000000000000e-01   8.9260154090037683e-09   1.5152659650905284e-06
   1.8700000000000000e-01   2.0330962434247527e-08   3.4282150262283484e-06
   1.9000000000000000e-01   4.2879163519517982e-08   7.1462027534322845e-06
   1.9300000000000000e-01   9.3523167607183981e-08   1.5515547707101413e-05
   1.9600000000000001e-01   1.9435554639096253e-07   3.1981566156305876e-05
   1.9900000000000001e-01   3.9659213640230650e-07   6.4749149237319361e-05
   2.0200000000000001e-01   7.7738878744706393e-07   1.2557551973402928e-04
   2.0500000000000002e-01   1.4771589207056185e-06   2.3564178809943779e-04
   2.0800000000000002e-01   2.7636043318989059e-06   4.3564589537936312e-04
   2.1100000000000002e-01   4.9822332376547833e-06   7.7367277930754600e-04
   2.1400000000000002e-01   8.7814220445969052e-06   1.3416071969156399e-03
   2.1700000000000003e-01   1.5215799157935180e-05   2.2872709056221004e-03
   2.2000000000000000e-01   2.5687027144709345e-05   3.7899624193241904e-03
   2.2300000000000000e-01   4.2423762148944762e-05   6.1323103607696825e-03
   2.2600000000000001e-01   6.8645110994252151e-05   9.7063306098077191e-03
   2.2900000000000001e-01   1.0969364489694430e-04   1.5180004197220686e-02
   2.3200000000000001e-01   1.7208648284756177e-04   2.3268105822498920e-02
   2.3500000000000001e-01   2.6627905092828439e-04   3.5171450776975276e-02
   2.3800000000000002e-01   4.0732649900400111e-04   5.2583889794618206e-02
   2.4100000000000002e-01   6.1479649756570871e-04   7.7535610321781384e-02
   2.4400000000000002e-01   9.1376690302645319e-04   1.1238706432363375e-01
   2.4700000000000000e-01   1.3382509629262954e-03   1.6023709271108430e-01
   2.5000000000000000e-01   1.9301706322417936e-03   2.2444218272985908e-01
   2.5300000000000000e-01   2.7406561581228097e-03   3.0852950699792242e-01
   2.5600000000000001e-01   3.8361653749235721e-03   4.1697264454968291e-01
   2.5900000000000001e-01   5.2961397198105411e-03   5.5434513788006479e-01
   2.6200000000000001e-01   7.2152716240731982e-03   7.2537208335123360e-01
   2.6500000000000001e-01   9.7007324940510207e-03   9.3409565062441091e-01
   2.6800000000000002e-01   1.2871740526779463e-02   1.1836524378522371e+00
   2.7100000000000002e-01   1.6853829979432713e-02   1.4752870721954729e+00
   2.7400000000000002e-01   2.1772037106128708e-02   1.8075293591913837e+00
   2.7700000000000002e-01   2.7741659704223563e-02   2.1753754560452636e+00
   2.8000000000000003e-01   3.4857241173522159e-02   2.5696844259439953e+00
   2.8300000000000003e-01   4.3178403929110959e-02   2.9765677215474908e+00
   2.8600000000000003e-01   5.2716410893865140e-02   3.3774672866356847e+00
   2.8900000000000003e-01   6.3420120109402706e-02   3.7495452941936360e+00
   2.9200000000000004e-01   7.5164467907956917e-02   4.0667363008482988e+00
   2.9500000000000004e-01   8.7743711770911545e-02   4.3015405709728931e+00
   2.9800000000000004e-01   1.0087037412695116e-01   4.4273084997459700e+00
   3.0100000000000005e-01   1.1418120704284171e-01   4.4208200863993747e+00
   3.0400000000000005e-01   1.2725188472043955e-01   4.2650525538045407e+00
   3.0700000000000005e-01   1.3962004389528651e-01   3.9517673177801473e+00
   3.1000000000000000e-01   1.5081363275607854e-01   3.4832207530313108e+00
   3.1300000000000000e-01   1.6038481561810700e-01   2.8731756957357066e+00
   3.1600000000000000e-01   1.6794356524077159e-01   2.1464982744328696e+00
   3.1900000000000001e-01   1.7318965529944649e-01   1.3377166651042689e+00
   3.2200000000000001e-01   1.7593790274046958e-01   4.8837332862136729e-01
   3.2500000000000001e-01   1.7613364310432414e-01  -3.5654984618783447e-01
   3.2800000000000001e-01   1.7385750211646356e-01  -1.1525250412622570e+00
   3.3100000000000002e-01   1.6931806153497075e-01  -1.8593587963842524e+00
   3.3400000000000002e-01   1.6283413571534897e-01  -2.4444364222443600e+00
   3.3700000000000002e-01   1.5480722054444596e-01  -2.8852583944088650e+00
   3.3999999999999997e-01   1.4569009726521437e-01  -3.1704898370968198e+00
   3.4299999999999997e-01   1.3595265382814239e-01  -3.2999789625986504e+00
   3.4599999999999997e-01   1.2604882134200121e-01  -3.2837644492507096e+00
   3.4899999999999998e-01   1.1639099522950092e-01  -3.1397322163488557e+00
   3.5199999999999998e-01   1.0732843204414386e-01  -2.8913044490718787e+00
   3.5499999999999998e-01   9.9134634729330290e-02  -2.5647648464707009e+00
   3.5799999999999998e-01   9.2005017373918530e-02  -2.1863910340677517e+00
   3.6099999999999999e-01   8.6056569111294126e-02  -1.7808820189498040e+00
   3.6399999999999999e-01   8.1338228026675077e-02  -1.3693374306831738e+00
   3.6699999999999999e-01   7.7840999391776897e-02  -9.6887112081508941e-01
   3.7000000000000000e-01   7.5511018075300779e-02  -5.9213888100593559e-01
   3.7300000000000000e-01   7.4263944216116914e-02  -2.4726689399803817e-01
   3.7600000000000000e-01   7.3995496090315721e-02   6.1190923393838574e-02
   3.7900000000000000e-01   7.4593526174297251e-02   3.3159302586100803e-01
   3.8200000000000001e-01   7.5942654808929380e-02   5.6471239620182023e-01
   3.8500000000000001e-01   7.7932938393477966e-02   7.6285294494243450e-01
   3.8800000000000001e-01   8.0461770736927771e-02   9.2877087970842953e-01
   3.9100000000000001e-01   8.3439770343068362e-02   1.0655230103547455e+00
   3.9400000000000002e-01   8.6784834432172248e-02   1.1763952225954879e+00
   3.9700000000000002e-01   9.0426859617218858e-02   1.2642086989559209e+00
   4.0000000000000002e-01   9.4306007558457083e-02   1.3313208096778479e+00
   4.0300000000000002e-01   9.8364241339434375e-02   1.3807652506048633e+00
   4.0600000000000003e-01   1.0255264922140084e-01   1.4148021803110291e+00
   4.0900000000000003e-01   1.0682730195361768e-01   1.4358722098652343e+00
   4.1200000000000003e-01   1.1115179909537269e-01   1.4454036517332129e+00
   4.1500000000000004e-01   1.1549214572375557e-01   1.4451386901014780e+00
   4.1800000000000004e-01   1.1982078742765612e-01   1.4365485259499748e+00
   4.2100000000000004e-01   1.2411377285054641e-01   1.4208098486479621e+00
   4.2400000000000004e-01   1.2835146915777143e-01   1.3990602179152356e+00
   4.2700000000000005e-01   1.3251697779213437e-01   1.3725830790107103e+00
   4.3000000000000005e-01   1.3659782858799213e-01   1.3425853823522096e+00
   4.3300000000000005e-01   1.4058657992723833e-01   1.3106968410491051e+00
   4.3600000000000005e-01   1.4447861218712907e-01   1.2782949552705616e+00
   4.3900000000000006e-01   1.4827560472912718e-01   1.2470316656879323e+00
   4.4200000000000006e-01   1.5198226285543179e-01   1.2184380566541220e+00
   4.4500000000000006e-01   1.5560976179559183e-01   1.1942827932434359e+00
   4.4800000000000006e-01   1.5917366380699965e-01   1.1761563749420207e+00
   4.5100000000000007e-01   1.6269457354311051e-01   1.1654986636439078e+00
   4.5399999999999996e-01   1.6619722725678554e-01   1.1638849239238358e+00
   4.5699999999999996e-01   1.6970938526679552e-01   1.1722479699695931e+00
   4.5999999999999996e-01   1.7326176276702956e-01   1.1913642779074549e+00
   4.6299999999999997e-01   1.7688949695445197e-01   1.2220126547985182e+00
   4.6599999999999997e-01   1.8062629433661193e-01   1.2641093485034154e+00
   4.6899999999999997e-01   1.8450616218045526e-01   1.3174140341884577e+00
   4.7199999999999998e-01   1.8856191432785460e-01   1.3812211018581182e+00
   4.7499999999999998e-01   1.9282335893151062e-01   1.4543382653669235e+00
   4.7799999999999998e-01   1.9731770231742030e-01   1.5355086377843041e+00
   4.8099999999999998e-01   2.0206449945864022e-01   1.6228357271816716e+00
   4.8399999999999999e-01   2.0708013869749764e-01   1.7143082824622380e+00
   4.8699999999999999e-01   2.1237432651633442e-01   1.8080662554552946e+00
   4.8999999999999999e-01   2.1795078950574562e-01   1.9022701067228467e+00
   4.9299999999999999e-01   2.2380723941090153e-01   1.9946059301921273e+00
   4.9600000000000000e-01   2.2993572042372101e-01   2.0836961015524138e+00
   4.9900000000000000e-01   2.3632485682666526e-01   2.1681651324413145e+00
   5.0200000000000000e-01   2.4295830315118150e-01   2.2465744779869290e+00
   5.0500000000000000e-01   2.4981692432458802e-01   2.3184121286841144e+00
   5.0800000000000001e-01   2.5688098763647971e-01   2.3830833708551364e+00
   5.1100000000000001e-01   2.6412627702607056e-01   2.4402042163941968e+00
   5.1400000000000001e-01   2.7153224647594132e-01   2.4899069387801602e+00
   5.1700000000000002e-01   2.7907743538539537e-01   2.5322524914107460e+00
   5.2000000000000002e-01   2.8673848024555321e-01   2.5675887551412080e+00
   5.2300000000000002e-01   2.9449471617813094e-01   2.5959333471821755e+00
   5.2600000000000002e-01   3.0232453713443103e-01   2.6172676235464656e+00
   5.2900000000000003e-01   3.1020683988695447e-01   2.6312149428032297e+00
   5.3200000000000003e-01   3.1811822184694283e-01   2.6373077653374786e+00
   5.3500000000000003e-01   3.2603708908756512e-01   2.6348520489511351e+00
   5.3800000000000003e-01   3.3393506145668772e-01   2.6230878992237265e+00
   5.4100000000000004e-01   3.4178355296803636e-01   2.6011402336236453e+00
   5.4400000000000004e-01   3.4954998559351025e-01   2.5680856567569048e+00
   5.4700000000000004e-01   3.5719815565069379e-01   2.5231084404457156e+00
   5.5000000000000004e-01   3.6469324021405242e-01   2.4660375693350756e+00
   5.5300000000000005e-01   3.7199900080539394e-01   2.3969841026828167e+00
   5.5600000000000005e-01   3.7907957252022845e-01   2.3169242198341098e+00
   5.5900000000000005e-01   3.8590604253576649e-01   2.2273844545606076e+00
   5.6200000000000006e-01   3.9245308479522745e-01   2.1305663571597115e+00
   5.6500000000000006e-01   3.9869945237031273e-01   2.0287266874305536e+00
   5.6800000000000006e-01   4.0463647561881594e-01   1.9249796067183147e+00
   5.7100000000000006e-01   4.1026329740434497e-01   1.8222627540877887e+00
   5.7400000000000007e-01   4.1558533940958386e-01   1.7233892650368574e+00
   5.7700000000000007e-01   4.2062137565531271e-01   1.6312272042441363e+00
   5.7999999999999996e-01   4.2539289037508077e-01   1.5483539888298916e+00
   5.8299999999999996e-01   4.2993261256933402e-01   1.4765376187154970e+00
   5.8599999999999997e-01   4.3427291863222017e-01   1.4167863437456283e+00
   5.8899999999999997e-01   4.3845430089898496e-01   1.3698711545428726e+00
   5.9199999999999997e-01   4.4251221649676370e-01   1.3355857731386631e+00
   5.9499999999999997e-01   4.4648404971944494e-01   1.3129861667421574e+00
   5.9799999999999998e-01   4.5040304720752705e-01   1.3007937307878021e+00
   6.0099999999999998e-01   4.5429877224057136e-01   1.2974191128387074e+00
   6.0399999999999998e-01   4.5819380837535573e-01   1.3002398403088600e+00
   6.0699999999999998e-01   4.6210497517099330e-01   1.3072358027161928e+00
   6.0999999999999999e-01   4.6603991857645971e-01   1.3168373114725009e+00
   6.1299999999999999e-01   4.7000344911101305e-01   1.3267459946999445e+00
   6.1599999999999999e-01   4.7399674504069100e-01   1.3358883688529213e+00
   6.1899999999999999e-01   4.7801459702221899e-01   1.3432351231072868e+00
   6.2200000000000000e-01   4.8204901198383565e-01   1.3477566710682405e+00
   6.2500000000000000e-01   4.8609218904971874e-01   1.3496388493720397e+00
   6.2800000000000000e-01   4.9013507586776012e-01   1.3479252269803157e+00
   6.3100000000000001e-01   4.9416658156635862e-01   1.3427484277722479e+00
   6.3400000000000001e-01   4.9817867045706954e-01   1.3346122203107231e+00
   6.3700000000000001e-01   5.0216072087167685e-01   1.3236807799315276e+00
   6.4000000000000001e-01   5.0610530818093913e-01   1.3094376177474614e+00
   6.4300000000000002e-01   5.1000373910417651e-01   1.2929435628968398e+00
   6.4600000000000002e-01   5.1384849593728799e-01   1.2746041836364572e+00
   6.4900000000000002e-01   5.1763715133303545e-01   1.2551654641268501e+00
   6.5200000000000002e-01   5.2136825365261763e-01   1.2361691998375235e+00
   6.5500000000000003e-01   5.2504413980664355e-01   1.2190175841308748e+00
   6.5800000000000003e-01   5.2867571090172782e-01   1.2052383397376123e+00
   6.6100000000000003e-01   5.3227249071478189e-01   1.1966605814543361e+00
   6.6400000000000003e-01   5.3585190658408954e-01   1.1949573935346642e+00
   6.6700000000000004e-01   5.3943795804516892e-01   1.2010214312223499e+00
   6.7000000000000004e-01   5.4305706632257722e-01   1.2160370637413376e+00
   6.7300000000000004e-01   5.4673461340239193e-01   1.2403167482009694e+00
   6.7600000000000005e-01   5.5050139155825895e-01   1.2739665470127548e+00
   6.7899999999999994e-01   5.5438303769842712e-01   1.3163814708128292e+00
   6.8199999999999994e-01   5.5840732161301476e-01   1.3680332847283694e+00
   6.8499999999999994e-01   5.6259671536725087e-01   1.4275302360327804e+00
   6.8799999999999994e-01   5.6697548000240727e-01   1.4946270133021120e+00
   6.9099999999999995e-01   5.7156587815336357e-01   1.5688849007248755e+00
   6.9399999999999995e-01   5.7639116976472327e-01   1.6499869924645114e+00
   6.9699999999999995e-01   5.8147199990941667e-01   1.7388396181492178e+00
   6.9999999999999996e-01   5.8683100324898474e-01   1.8356274536056623e+00
   7.0299999999999996e-01   5.9249576815261440e-01   1.9414811998480384e+00
   7.0599999999999996e-01   5.9849331009985818e-01   2.0575238457800871e+00
   7.0899999999999996e-01   6.0485405127425029e-01   2.1842091199763916e+00
   7.1199999999999997e-01   6.1161236634284977e-01   2.3208606873964155e+00
   7.1499999999999997e-01   6.1879695465976559e-01   2.4679541522557242e+00
   7.1799999999999997e-01   6.2643603758068900e-01   2.6245384512332581e+00
   7.2099999999999997e-01   6.3455878584622916e-01   2.7889126341183430e+00
   7.2399999999999998e-01   6.4318646000101287e-01   2.9603965832790342e+00
   7.2699999999999998e-01   6.5233981569185551e-01   3.1372362034554198e+00
   7.2999999999999998e-01   6.6202730436808221e-01   3.3174071211332721e+00
   7.3299999999999998e-01   6.7225997018367667e-01   3.4987817183202399e+00
   7.3599999999999999e-01   6.8303561603905394e-01   3.6801168821973960e+00
   7.3899999999999999e-01   6.9435915366322021e-01   3.8605587819268745e+00
   7.4199999999999999e-01   7.0621946330933116e-01   4.0381820937091364e+00
   7.4500000000000000e-01   7.1861073198946945e-01   4.2130864929825096e+00
   7.4800000000000000e-01   7.3152183851450170e-01   4.3851285861472240e+00
   7.5100000000000000e-01   7.4494516742206229e-01   4.5539302021747945e+00
   7.5400000000000000e-01   7.5887580801131327e-01   4.7209575384746039e+00
   7.5700000000000001e-01   7.7330458331771867e-01   4.8866671073462440e+00
   7.6000000000000001e-01   7.8823437729122914e-01   5.0521914930551279e+00
   7.6300000000000001e-01   8.0366195402778695e-01   5.2196192849503475e+00
   7.6600000000000001e-01   8.1959666202294612e-01   5.3901907224042631e+00
   7.6900000000000002e-01   8.3604982896247304e-01   5.5642346526643305e+00
   7.7200000000000002e-01   8.5303119461443633e-01   5.7436769629462523e+00
   7.7500000000000002e-01   8.7056416830664984e-01   5.9291478822717547e+00
   7.7800000000000002e-01   8.8866621369483223e-01   6.1211413988225107e+00
   7.8100000000000003e-01   9.0735347000071398e-01   6.3201289837234951e+00
   7.8400000000000003e-01   9.2664807428007412e-01   6.5253926861705480e+00
   7.8700000000000003e-01   9.4656722387298020e-01   6.7354655548934499e+00
   7.9000000000000004e-01   9.6713027783421313e-01   6.9511645745902895e+00
   7.9300000000000004e-01   9.8834713502158900e-01   7.1702053557634811e+00
   7.9600000000000004e-01   1.0102206194096846e+00   7.3908557993669923e+00
   7.9900000000000004e-01   1.0327628992350957e+00   7.6134029761651112e+00
   8.0200000000000005e-01   1.0559739534414601e+00   7.8360839545762673e+00
   8.0499999999999994e-01   1.0798516743232358e+00   8.0582365154874847e+00
   8.0799999999999994e-01   1.1043940437241992e+00   8.2783293919061460e+00
   8.1099999999999994e-01   1.1295972838279607e+00   8.4964634430926083e+00
   8.1399999999999995e-01   1.1554458615954610e+00   8.7110135079105273e+00
   8.1699999999999995e-01   1.1819328570679781e+00   8.9219922467775810e+00
   8.1999999999999995e-01   1.2090456564417384e+00   9.1277862063650357e+00
   8.2299999999999995e-01   1.2367676192638115e+00   9.3284094182431083e+00
   8.2599999999999996e-01   1.2650799294648316e+00   9.5212539759776238e+00
   8.2899999999999996e-01   1.2939577758529031e+00   9.7068886373356431e+00
   8.3199999999999996e-01   1.3233801875685329e+00   9.8822388082995829e+00
   8.3499999999999996e-01   1.3533077779789870e+00   1.0045046017991730e+01
   8.3799999999999997e-01   1.3837003077384917e+00   1.0192464523031942e+01
   8.4099999999999997e-01   1.4145076318866543e+00   1.0320888631154610e+01
   8.4399999999999997e-01   1.4456656491312745e+00   1.0426215039517819e+01
   8.4699999999999998e-01   1.4770980258808601e+00   1.0502565368734937e+01
   8.4999999999999998e-01   1.5087080560084767e+00   1.0545214332207927e+01
   8.5299999999999998e-01   1.5403838091471760e+00   1.0548036712164260e+01
   8.5599999999999998e-01   1.5720008249479964e+00   1.0505749096329849e+01
   8.5899999999999999e-01   1.6034136861285408e+00   1.0412585183701566e+01
   8.6199999999999999e-01   1.6344634929440698e+00   1.0265162860222375e+01
   8.6499999999999999e-01   1.6649857288673169e+00   1.0061068391098615e+01
   8.6799999999999999e-01   1.6948117753066971e+00   9.8007493335421891e+00
   8.7100000000000000e-01   1.7237689879465345e+00   9.4863333325329169e+00
   8.7400000000000000e-01   1.7516979603510427e+00   9.1212211817192443e+00
   8.7700000000000000e-01   1.7784630192209476e+00   8.7104183884077546e+00
   8.8000000000000000e-01   1.8039301643763892e+00   8.2607017228455391e+00
   8.8300000000000001e-01   1.8279962048191090e+00   7.7781749015347241e+00
   8.8600000000000001e-01   1.8505670821254185e+00   7.2708754402601281e+00
   8.8900000000000001e-01   1.8715850618629151e+00   6.7427219173332427e+00
   8.9200000000000002e-01   1.8909899918190429e+00   6.1988575150845175e+00
   8.9500000000000002e-01   1.9087359569583515e+00   5.6414779733391889e+00
   8.9800000000000002e-01   1.9247935227805235e+00   5.0732333257469246e+00
   9.0100000000000002e-01   1.9391238078933575e+00   4.4943027964923763e+00
   9.0400000000000003e-01   1.9516986958923515e+00   3.9041835164605665e+00
   9.0700000000000003e-01   1.9624784884242186e+00   3.3021296649874285e+00
   9.1000000000000003e-01   1.9714357323024534e+00   2.6889697837568249e+00
   9.1300000000000003e-01   1.9785295930676048e+00   2.0640761431369632e+00
   9.1600000000000004e-01   1.9837297281172634e+00   1.4281467626962918e+00
   9.1900000000000004e-01   1.9870097998555967e+00   7.8500475111822565e-01
   9.2200000000000004e-01   1.9883518731907752e+00   1.3920566806528920e-01
   9.2500000000000004e-01   1.9877569828396504e+00  -5.0432335184589117e-01
   9.2800000000000005e-01   1.9852364720764011e+00  -1.1395115809879679e+00
   9.3100000000000005e-01   1.9808285767461025e+00  -1.7589673884958088e+00
   9.3399999999999994e-01   1.9745960496019930e+00  -2.3538857131347708e+00
   9.3699999999999994e-01   1.9666153000415476e+00  -2.9140579550458043e+00
   9.3999999999999995e-01   1.9570147611306834e+00  -3.4313421066438528e+00
   9.4299999999999995e-01   1.9459431479475602e+00  -3.8969021209790036e+00
   9.4599999999999995e-01   1.9335575028125549e+00  -4.2991058173070407e+00
   9.4899999999999995e-01   1.9200684952228333e+00  -4.6317592424091139e+00
   9.5199999999999996e-01   1.9056905677267932e+00  -4.8874724071725222e+00
   9.5499999999999996e-01   1.8906635778269052e+00  -5.0627977475715502e+00
   9.5799999999999996e-01   1.8752335199538375e+00  -5.1539249242098490e+00
   9.6099999999999997e-01   1.8596591918796312e+00  -5.1634931394380006e+00
   9.6399999999999997e-01   1.8441715612733960e+00  -5.0934683395338949e+00
   9.6699999999999997e-01   1.8290038858998998e+00  -4.9508237573806824e+00
   9.6999999999999997e-01   1.8143584624424736e+00  -4.7432536003859456e+00
   9.7299999999999998e-01   1.8004224362866292e+00  -4.4823557540577053e+00
   9.7599999999999998e-01   1.7873315811600881e+00  -4.1777506740029535e+00
   9.7899999999999998e-01   1.7752029030418222e+00  -3.8411860638155892e+00
   9.8199999999999998e-01   1.7641207889742627e+00  -3.4832992403497647e+00
   9.8499999999999999e-01   1.7541310363989522e+00  -3.1137450945303478e+00
   9.8799999999999999e-01   1.7452606032294833e+00  -2.7391233370930812e+00
   9.9099999999999999e-01   1.7375113013287340e+00  -2.3655411130065480e+00
   9.9399999999999999e-01   1.7308773476345625e+00  -1.9974132266209648e+00
   9.9700000000000000e-01   1.7253344783732987e+00  -1.6373641296069747e+00
   1.0000000000000000e+00   1.7208593579644498e+00  -1.2873140205638474e+00
   1.0030000000000001e+00   1.7174178783762195e+00  -9.4847115828709183e-01
   1.0060000000000000e+00   1.7149741179171174e+00  -6.2303291915961001e-01
   1.0090000000000001e+00   1.7134878123018533e+00  -3.1380613359420417e-01
   1.0120000000000000e+00   1.7129019478084668e+00  -2.2984493469896141e-02
   1.0150000000000001e+00   1.7131586317921956e+00   2.4671514377008918e-01
   1.0180000000000000e+00   1.7141886312844199e+00   4.9198604409162150e-01
   1.0210000000000001e+00   1.7159197722572597e+00   7.1134022181930390e-01
   1.0240000000000000e+00   1.7182722687993919e+00   9.0491615805196723e-01
   1.0270000000000001e+00   1.7211724236158941e+00   1.0736327637311542e+00
   1.0300000000000000e+00   1.7245458230700028e+00   1.2196096747726692e+00
   1.0330000000000001e+00   1.7283270822955992e+00   1.3468074899156393e+00
   1.0360000000000000e+00   1.7324722357701057e+00   1.4609734665165524e+00
   1.0390000000000001e+00   1.7369506399075314e+00   1.5670786881645566e+00
   1.0420000000000000e+00   1.7417496294523465e+00   1.6695796401701650e+00
   1.0450000000000002e+00   1.7468563650218050e+00   1.7747553401506617e+00
   1.0480000000000000e+00   1.7522882009592213e+00   1.8842695492088590e+00
   1.0510000000000002e+00   1.7580597002785161e+00   2.0009887873954515e+00
   1.0540000000000000e+00   1.7641966129815430e+00   2.1243408184065853e+00
   1.0570000000000002e+00   1.7707105179504530e+00   2.2555467701202629e+00
   1.0600000000000001e+00   1.7776304627111674e+00   2.3915387841164875e+00
   1.0629999999999999e+00   1.7849703588854700e+00   2.5303983020071792e+00
   1.0660000000000001e+00   1.7927302609583649e+00   2.6718817063486160e+00
   1.0690000000000000e+00   1.8009146393932820e+00   2.8135134636363284e+00
   1.0720000000000001e+00   1.8095144032950583e+00   2.9528694530573381e+00
   1.0750000000000000e+00   1.8185339829257190e+00   3.0890416425835019e+00
   1.0780000000000001e+00   1.8279625623508393e+00   3.2227402778155163e+00
   1.0810000000000000e+00   1.8377893912722334e+00   3.3542662745473595e+00
   1.0840000000000001e+00   1.8480092224000801e+00   3.4834232531171474e+00
   1.0870000000000000e+00   1.8586163925340464e+00   3.6120937851593040e+00
   1.0900000000000001e+00   1.8696077454969784e+00   3.7412553079268402e+00
   1.0930000000000000e+00   1.8809884167315174e+00   3.8716488388734329e+00
   1.0960000000000001e+00   1.8927610891518940e+00   4.0039115021748302e+00
   1.0990000000000000e+00   1.9049319739918309e+00   4.1370946668106416e+00
   1.1020000000000001e+00   1.9175122523571542e+00   4.2715074663528103e+00
   1.1050000000000002e+00   1.9304874120250151e+00   4.4059155907568410e+00
   1.1080000000000001e+00   1.9438638362807414e+00   4.5377367308722718e+00
   1.1110000000000002e+00   1.9576236567151635e+00   4.6621772775342984e+00
   1.1140000000000001e+00   1.9717493037137490e+00   4.7767267491825143e+00
   1.1170000000000002e+00   1.9861987637723095e+00   4.8771606423410834e+00
   1.1200000000000001e+00   2.0009275996246063e+00   4.9603595324979501e+00
   1.1230000000000002e+00   2.0158674573130670e+00   5.0217789331561882e+00
   1.1260000000000001e+00   2.0309651402214670e+00   5.0607294089304125e+00
   1.1290000000000000e+00   2.0461340275075344e+00   5.0753907443524167e+00
   1.1320000000000001e+00   2.0613163226742350e+00   5.0660880867722806e+00
   1.1350000000000000e+00   2.0764324733857866e+00   5.0346580371358440e+00
   1.1380000000000001e+00   2.0914290800220114e+00   4.9842568790101121e+00
   1.1410000000000000e+00   2.1062478559844457e+00   4.9180312908560255e+00
   1.1440000000000001e+00   2.1208553588162595e+00   4.8401766077730715e+00
   1.1470000000000000e+00   2.1352117753600979e+00   4.7551995163906389e+00
   1.1500000000000001e+00   2.1493173864987485e+00   4.6690910113171249e+00
   1.1530000000000000e+00   2.1631574164001903e+00   4.5824726881007232e+00
   1.1560000000000001e+00   2.1767382570225546e+00   4.4982888494922744e+00
   1.1590000000000000e+00   2.1900779596811093e+00   4.4187086936352857e+00
   1.1620000000000001e+00   2.2031830134536903e+00   4.3434580185355056e+00
   1.1650000000000000e+00   2.2160701493635973e+00   4.2732771266139045e+00
   1.1680000000000001e+00   2.2287532401396657e+00   4.2086435003156595e+00
   1.1710000000000000e+00   2.2412507774407051e+00   4.1508200287111885e+00
   1.1740000000000002e+00   2.2535798679694188e+00   4.0993860854127790e+00
   1.1770000000000000e+00   2.2657675034807299e+00   4.0558679806537619e+00
   1.1800000000000002e+00   2.2778439162624760e+00   4.0216345167303267e+00
   1.1830000000000001e+00   2.2898330243034266e+00   4.0001016596033150e+00
   1.1860000000000002e+00   2.3017846299122668e+00   3.9935738346524223e+00
   1.1890000000000001e+00   2.3137353196215162e+00   4.0018908834751574e+00
   1.1920000000000002e+00   2.3257353841730684e+00   4.0257923155472852e+00
   1.1950000000000001e+00   2.3378225402792250e+00   4.0627849150754045e+00
   1.1980000000000002e+00   2.3500459559984876e+00   4.1134912867148543e+00
   1.2010000000000001e+00   2.3624318748297193e+00   4.1726978628622344e+00
   1.2040000000000002e+00   2.3750068254337036e+00   4.2387071633664464e+00
   1.2070000000000001e+00   2.3877814876235495e+00   4.3068624527193329e+00
   1.2100000000000002e+00   2.4007566694625391e+00   4.3749519332501476e+00
   1.2130000000000001e+00   2.4139350360403222e+00   4.4417689592570770e+00
   1.2160000000000002e+00   2.4273211002400670e+00   4.5090951850839724e+00
   1.2190000000000001e+00   2.4409053734011157e+00   4.5743918166000537e+00
   1.2220000000000002e+00   2.4546819160288784e+00   4.6432844700833691e+00
   1.2250000000000001e+00   2.4686801788358013e+00   4.7202084269126905e+00
   1.2280000000000002e+00   2.4829227669514475e+00   4.8085718331045486e+00
   1.2310000000000001e+00   2.4974528384872077e+00   4.9106526939484674e+00
   1.2340000000000002e+00   2.5123233643488834e+00   5.0321913582317954e+00
   1.2370000000000001e+00   2.5275843674755185e+00   5.1715193313625560e+00
   1.2400000000000002e+00   2.5432807831089916e+00   5.3256934535999969e+00
   1.2430000000000001e+00   2.5594608616163868e+00   5.4914782610758888e+00
   1.2460000000000002e+00   2.5761296551721120e+00   5.6586413795601107e+00
   1.2490000000000001e+00   2.5933091885494197e+00   5.8270401480900516e+00
   1.2520000000000002e+00   2.6109555037401124e+00   5.9790529367496497e+00
   1.2550000000000001e+00   2.6290500137513635e+00   6.1161531542583072e+00
   1.2580000000000000e+00   2.6474913187097191e+00   6.2216429901538293e+00
   1.2610000000000001e+00   2.6662183458225148e+00   6.2997645723830100e+00
   1.2640000000000000e+00   2.6851301558737988e+00   6.3429492902310116e+00
   1.2670000000000001e+00   2.7041053859061401e+00   6.3481888123353496e+00
   1.2700000000000000e+00   2.7230332825597925e+00   6.3097859065003590e+00
   1.2730000000000001e+00   2.7417919747829469e+00   6.2317224542835010e+00
   1.2760000000000000e+00   2.7602593736106602e+00   6.1073649025423080e+00
   1.2790000000000001e+00   2.7782645335808334e+00   5.9321230671780709e+00
   1.2820000000000000e+00   2.7956681220427928e+00   5.7001216879900927e+00
   1.2850000000000001e+00   2.8122706628956906e+00   5.4049877834387177e+00
   1.2880000000000000e+00   2.8278634063774013e+00   5.0351661617590278e+00
   1.2910000000000001e+00   2.8422683827195572e+00   4.5968611256559351e+00
   1.2940000000000000e+00   2.8552066008615840e+00   4.0780778184330719e+00
   1.2970000000000002e+00   2.8664322501850048e+00   3.4844660989246492e+00
   1.3000000000000000e+00   2.8758514939245319e+00   2.8375923627474964e+00
   1.3030000000000002e+00   2.8832230480835932e+00   2.1406903917712139e+00
   1.3060000000000000e+00   2.8884686660095600e+00   1.4215103437369287e+00
   1.3090000000000002e+00   2.8915732246063595e+00   7.0432647085998434e-01
   1.3120000000000001e+00   2.8925563018929963e+00   1.2364603378446927e-02
   1.3150000000000002e+00   2.8914048435190414e+00  -6.5793049946125004e-01
   1.3180000000000001e+00   2.8884146280339165e+00  -1.2602099811425389e+00
   1.3210000000000002e+00   2.8836830644507256e+00  -1.8063936475125610e+00
   1.3240000000000001e+00   2.8773126924650074e+00  -2.3110956917844190e+00
   1.3270000000000002e+00   2.8695485896101327e+00  -2.7704853113262851e+00
   1.3300000000000001e+00   2.8604493791628873e+00  -3.2126569562948610e+00
   1.3330000000000002e+00   2.8499605809187343e+00  -3.6716862606669571e+00
   1.3360000000000001e+00   2.8380105433251006e+00  -4.1818749895172562e+00
   1.3390000000000002e+00   2.8244858241303823e+00  -4.7559380582224069e+00
   1.3420000000000001e+00   2.8092031235399038e+00  -5.4071944823109837e+00
   1.3450000000000002e+00   2.7919279018608845e+00  -6.1303172059691162e+00
   1.3480000000000001e+00   2.7720108972688142e+00  -6.9978783860119753e+00
   1.3510000000000002e+00   2.7493406922985812e+00  -7.9595385213364800e+00
   1.3540000000000001e+00   2.7236656794581071e+00  -8.9985106088843239e+00
   1.3570000000000002e+00   2.6947896770116211e+00  -1.0089158815543859e+01
   1.3600000000000001e+00   2.6625986201744500e+00  -1.1201774832277147e+01
   1.3630000000000002e+00   2.6270626511863444e+00  -1.2305105622096617e+01
   1.3660000000000001e+00   2.5882680581965638e+00  -1.3376391377007939e+01
   1.3690000000000002e+00   2.5463402582958934e+00  -1.4393461080921362e+01
   1.3720000000000001e+00   2.5014465446874152e+00  -1.5343101274053875e+01
   1.3750000000000002e+00   2.4538040913707371e+00  -1.6231926064628389e+01
   1.3780000000000001e+00   2.4035673885374171e+00  -1.7076594244894409e+01
   1.3810000000000000e+00   2.3508080801213622e+00  -1.7910015712219771e+01
   1.3840000000000001e+00   2.2954955019570829e+00  -1.8786452406242770e+01
   1.3870000000000000e+00   2.2374172050585086e+00  -1.9771835694351783e+01
   1.3900000000000001e+00   2.1761323588917798e+00  -2.0934085862775298e+01
   1.3930000000000000e+00   2.1110317511467280e+00  -2.2345168953751422e+01
   1.3960000000000001e+00   2.0412398236926266e+00  -2.4046160672940889e+01
   1.3990000000000000e+00   1.9659001043687321e+00  -2.6073876702110358e+01
   1.4020000000000001e+00   1.8839891150277497e+00  -2.8397193347610227e+01
   1.4050000000000000e+00   1.7947543635386454e+00  -3.0964116586068304e+01
   1.4080000000000001e+00   1.6975746319366860e+00  -3.3648222036233214e+01
   1.4110000000000000e+00   1.5923545141264663e+00  -3.6299917883550279e+01
   1.4140000000000001e+00   1.4794670510092001e+00  -3.8729377428847769e+01
   1.4170000000000000e+00   1.3598945042150612e+00  -4.0739338185632938e+01
   1.4200000000000002e+00   1.2351428715603234e+00  -4.2133290945311060e+01
   1.4230000000000000e+00   1.1073073983020210e+00  -4.2762740247640927e+01
   1.4260000000000002e+00   9.7887649073783001e-01  -4.2536006718453812e+01
   1.4290000000000000e+00   8.5246362375578200e-01  -4.1415616777743146e+01
   1.4320000000000002e+00   7.3070327356078546e-01  -3.9440687930660296e+01
   1.4350000000000001e+00   6.1604134006018674e-01  -3.6720998346286933e+01
   1.4380000000000002e+00   5.1045613822845959e-01  -3.3405252784857133e+01
   1.4410000000000001e+00   4.1550851433672109e-01  -2.9695327596069031e+01
   1.4440000000000002e+00   3.3207309141831659e-01  -2.5788060723287064e+01
   1.4470000000000001e+00   2.6035141382759852e-01  -2.1857899343845396e+01
   1.4500000000000002e+00   2.0026670629546234e-01  -1.8103021457449479e+01
   1.4530000000000001e+00   1.5100978017008726e-01  -1.4635091365555963e+01
   1.4560000000000002e+00   1.1156688683721451e-01  -1.1546366682474231e+01
   1.4590000000000001e+00   8.0717265674357566e-02  -8.8875282718201660e+00
   1.4620000000000002e+00   5.7334059726187776e-02  -6.7046603098363278e+00
   1.4650000000000001e+00   3.9801035156622623e-02  -4.9232241494183588e+00
   1.4680000000000002e+00   2.7032251719736635e-02  -3.5270097820674433e+00
   1.4710000000000001e+00   1.7991629113679432e-02  -2.4715902933441556e+00
   1.4740000000000002e+00   1.1617346420786500e-02  -1.6728846674132229e+00
   1.4770000000000001e+00   7.2833374432785614e-03  -1.0960634980090254e+00
   1.4800000000000002e+00   4.4706916623641043e-03  -7.0254615851760038e-01
   1.4830000000000001e+00   2.6989999153084034e-03  -4.4272912578999885e-01
   1.4860000000000002e+00   1.4605198713080662e-03  -2.4842743453716901e-01
   1.4890000000000001e+00   6.9306497208889101e-04  -1.2155839811710087e-01
   1.4920000000000002e+00   0.0000000000000000e+00   0.0000000000000000e+00
   1.4950000000000001e+00   0.0000000000000000e+00   0.0000000000000000e+00
   1.4980000000000002e+00   0.0000000000000000e+00   0.0000000000000000e+00
   1.5010000000000001e+00   0.0000000000000000e+00   0.0000000000000000e+00
   1.5040000000000002e+00   0.0000000000000000e+00   0.0000000000000000e+00
   1.5070000000000001e+00   0.0000000000000000e+00   0.0000000000000000e+00
   1.5100000000000000e+00   0.0000000000000000e+00   0.0000000000000000e+00
   1.5130000000000001e+00   0.0000000000000000e+00   0.0000000000000000e+00
   1.5160000000000000e+00   0.0000000000000000e+00   0.0000000000000000e+00
   1.5190000000000001e+00   0.0000000000000000e+00   0.0000000000000000e+00
   1.5220000000000000e+00   0.0000000000000000e+00   0.0000000000000000e+00
   1.5250000000000001e+00   0.0000000000000000e+00   0.0000000000000000e+00
   1.5280000000000000e+00   0.0000000000000000e+00   0.0000000000000000e+00
   1.5310000000000001e+00   0.0000000000000000e+00   0.0000000000000000e+00
   1.5340000000000000e+00   0.0000000000000000e+00   0.0000000000000000e+00
   1.5370000000000001e+00   0.0000000000000000e+00   0.0000000000000000e+00
   1.5400000000000000e+00   0.0000000000000000e+00   0.0000000000000000e+00
   1.5430000000000001e+00   0.0000000000000000e+00   0.0000000000000000e+00
   1.5460000000000000e+00   0.0000000000000000e+00   0.0000000000000000e+00
   1.5490000000000002e+00   0.0000000000000000e+00   0.0000000000000000e+00
   1.5520000000000000e+00   0.0000000000000000e+00   0.0000000000000000e+00
   1.5550000000000002e+00   0.0000000000000000e+00   0.0000000000000000e+00
   1.5580000000000001e+00   0.0000000000000000e+00   0.0000000000000000e+00
   1.5610000000000002e+00   0.0000000000000000e+00   0.0000000000000000e+00
   1.5640000000000001e+00   0.0000000000000000e+00   0.0000000000000000e+00
   1.5670000000000002e+00   0.0000000000000000e+00   0.0000000000000000e+00
   1.5700000000000001e+00   0.0000000000000000e+00   0.0000000000000000e+00
   1.5730000000000002e+00   0.0000000000000000e+00   0.0000000000000000e+00
   1.5760000000000001e+00   0.0000000000000000e+00   0.0000000000000000e+00
   1.5790000000000002e+00   0.0000000000000000e+00   0.0000000000000000e+00
   1.5820000000000001e+00   0.0000000000000000e+00   0.0000000000000000e+00
   1.5850000000000002e+00   0.0000000000000000e+00   0.0000000000000000e+00
   1.5880000000000001e+00   0.0000000000000000e+00   0.0000000000000000e+00
   1.5910000000000002e+00   0.0000000000000000e+00   0.0000000000000000e+00
   1.5940000000000001e+00   0.0000000000000000e+00   0.0000000000000000e+00
   1.5970000000000002e+00   0.0000000000000000e+00   0.0000000000000000e+00
   1.6000000000000001e+00   0.0000000000000000e+00   0.0000000000000000e+00
