#! FIELDS distance hh2 dhh2_distance
#! SET normalisation    5.8533200000000000e+05
#! SET min_distance 0.1
#! SET max_distance 1.6
#! SET nbins_distance  500
#! SET periodic_distance false
   1.0000000000000001e-01   0.0000000000000000e+00   0.0000000000000000e+00
   1.0300000000000001e-01   0.0000000000000000e+00   0.0000000000000000e+00
   1.0600000000000001e-01   0.0000000000000000e+00   0.0000000000000000e+00
   1.0900000000000001e-01   0.0000000000000000e+00   0.0000000000000000e+00
   1.1200000000000000e-01   8.5945351919511919e-22   1.5790524644792120e-19
   1.1500000000000000e-01   5.9675238087971083e-19   1.1118541222023689e-16
   1.1800000000000001e-01   1.7034971205234021e-17   3.1444133345886950e-15
   1.2100000000000001e-01   3.4438215971016988e-16   6.3533677035551647e-14
   1.2400000000000000e-01   5.8709157618260555e-15   1.0818879577326669e-12
   1.2700000000000000e-01   7.8933134679295006e-14   1.4531125999581737e-11
   1.3000000000000000e-01   8.0218210247904356e-13   1.4714638861910843e-10
   1.3300000000000001e-01   6.7355971640531125e-12   1.2315861988494994e-09
   1.3600000000000001e-01   4.8854630104030488e-11   8.9115837881102336e-09
   1.3900000000000001e-01   3.0969711543645947e-10   5.6337895019356312e-08
   1.4200000000000002e-01   1.7081630161167996e-09   3.0968357198571997e-07
   1.4500000000000002e-01   8.3270964662456378e-09   1.5042166254692645e-06
   1.4800000000000002e-01   3.4511278867941174e-08   6.2025117786585830e-06
   1.5100000000000002e-01   1.2623063191794533e-07   2.2553607306111611e-05
   1.5400000000000000e-01   3.8803794186853522e-07   6.8701582343138763e-05
   1.5700000000000000e-01   1.0968397292884645e-06   1.9254162159131381e-04
   1.6000000000000000e-01   2.7115737417471131e-06   4.6997914991079963e-04
   1.6300000000000001e-01   6.2121346310990386e-06   1.0620672206706773e-03
   1.6600000000000001e-01   1.3036995670351312e-05   2.1913174496045787e-03
   1.6900000000000001e-01   2.5467251843742131e-05   4.1953814872246987e-03
   1.7200000000000001e-01   4.8110161766664644e-05   7.7696959066580924e-03
   1.7499999999999999e-01   8.6672233273338295e-05   1.3684768996666848e-02
   1.7799999999999999e-01   1.5024690397400455e-04   2.3134538054648955e-02
   1.8099999999999999e-01   2.5497398728515833e-04   3.8299567021310231e-02
   1.8400000000000000e-01   4.2244578111707469e-04   6.1837920592038104e-02
   1.8700000000000000e-01   6.8964809922605148e-04   9.8502230015077880e-02
   1.9000000000000000e-01   1.1060782338468155e-03   1.5412548906261986e-01
   1.9300000000000000e-01   1.7454508149808703e-03   2.3732405878318408e-01
   1.9600000000000001e-01   2.7280089961141539e-03   3.6274935085239035e-01
   1.9900000000000001e-01   4.1926019636357517e-03   5.4471641750123412e-01
   2.0200000000000001e-01   6.3631654607915304e-03   8.0817666044462044e-01
   2.0500000000000002e-01   9.5569885270033097e-03   1.1878953545297963e+00
   2.0800000000000002e-01   1.4181481656572162e-02   1.7249839573570585e+00
   2.1100000000000002e-01   2.0792829151126100e-02   2.4739609813974712e+00
   2.1400000000000002e-01   3.0177794208783110e-02   3.5128364106587413e+00
   2.1700000000000003e-01   4.3342165279445559e-02   4.9339724509891667e+00
   2.2000000000000000e-01   6.1641896417980908e-02   6.8601937983487291e+00
   2.2300000000000000e-01   8.6869229204427925e-02   9.4495439285909892e+00
   2.2600000000000001e-01   1.2129964309681128e-01   1.2890145863309153e+01
   2.2900000000000001e-01   1.6786319582922141e-01   1.7415960238732190e+01
   2.3200000000000001e-01   2.3015411203076741e-01   2.3288749207294472e+01
   2.3500000000000001e-01   3.1287498315101775e-01   3.0858144555273594e+01
   2.3800000000000002e-01   4.2147009556326681e-01   4.0466771588915286e+01
   2.4100000000000002e-01   5.6247748261078701e-01   5.2489855135155508e+01
   2.4400000000000002e-01   7.4343873933149995e-01   6.7291513959373120e+01
   2.4700000000000000e-01   9.7292422526437183e-01   8.5206055764836549e+01
   2.5000000000000000e-01   1.2606792132865743e+00   1.0654681233375945e+02
   2.5300000000000000e-01   1.6174983801292604e+00   1.3157330880967106e+02
   2.5600000000000001e-01   2.0548398796454119e+00   1.6042571617065133e+02
   2.5900000000000001e-01   2.5842758912667403e+00   1.9305070718498825e+02
   2.6200000000000001e-01   3.2168189971280237e+00   2.2913499281922540e+02
   2.6500000000000001e-01   3.9620088109516005e+00   2.6803166735613672e+02
   2.6800000000000002e-01   4.8268431918720429e+00   3.0870165764659680e+02
   2.7100000000000002e-01   5.8145592466390728e+00   3.4967481265748154e+02
   2.7400000000000002e-01   6.9233069121675648e+00   3.8903728413757250e+02
   2.7700000000000002e-01   8.1448653486747702e+00   4.2446525266094142e+02
   2.8000000000000003e-01   9.4635259296747929e+00   4.5331118007231305e+02
   2.8300000000000003e-01   1.0855327564248771e+01   4.7275098476980895e+02
   2.8600000000000003e-01   1.2287823340087108e+01   4.7999035658025002e+02
   2.8900000000000003e-01   1.3720541208434835e+01   4.7251917819744301e+02
   2.9200000000000004e-01   1.5106255899854311e+01   4.4839308198878030e+02
   2.9500000000000004e-01   1.6393108062203641e+01   4.0651117069475987e+02
   2.9800000000000004e-01   1.7527505092797966e+01   3.4685281086581591e+02
   3.0100000000000005e-01   1.8457622155976296e+01   2.7063491303628160e+02
   3.0400000000000005e-01   1.9137213165396830e+01   1.8035645451541885e+02
   3.0700000000000005e-01   1.9529357330946400e+01   7.9708599627839163e+01
   3.1000000000000000e-01   1.9609726411676778e+01  -2.6653640844133523e+01
   3.1300000000000000e-01   1.9368977282704360e+01  -1.3346242423592494e+02
   3.1600000000000000e-01   1.8813949434639053e+01  -2.3527482480003343e+02
   3.1900000000000001e-01   1.7967480445462190e+01  -3.2694639315071811e+02
   3.2200000000000001e-01   1.6866822939275615e+01  -4.0408271389310733e+02
   3.2500000000000001e-01   1.5560809995124313e+01  -4.6341047897444446e+02
   3.2800000000000001e-01   1.4106083134415456e+01  -5.0302284896395958e+02
   3.3100000000000002e-01   1.2562821236488018e+01  -5.2247464125931481e+02
   3.3400000000000002e-01   1.0990399001349353e+01  -5.2271523017551362e+02
   3.3700000000000002e-01   9.4434977137682896e+00  -5.0588984148855076e+02
   3.3999999999999997e-01   7.9689364734257548e+00  -4.7502761273756084e+02
   3.4299999999999997e-01   6.6035549034634995e+00  -4.3367945127118924e+02
   3.4599999999999997e-01   5.3732526277689479e+00  -3.8555837765707935e+02
   3.4899999999999998e-01   4.2929413111753334e+00  -3.3419147143954081e+02
   3.5199999999999998e-01   3.3675490597827733e+00  -2.8267191620937211e+02
   3.5499999999999998e-01   2.5936214782254092e+00  -2.3349204674370355e+02
   3.5799999999999998e-01   1.9612440585882245e+00  -1.8845973006201444e+02
   3.6099999999999999e-01   1.4560617622775109e+00  -1.4869622572032230e+02
   3.6399999999999999e-01   1.0613453722852213e+00  -1.1472818874562289e+02
   3.6699999999999999e-01   7.5950653252605416e-01  -8.6571585436078990e+01
   3.7000000000000000e-01   5.3347882858229723e-01  -6.3875688684022236e+01
   3.7300000000000000e-01   3.6770062801659814e-01  -4.6066427230004948e+01
   3.7600000000000000e-01   2.4847793452227981e-01  -3.2429693019861794e+01
   3.7900000000000000e-01   1.6444013902884214e-01  -2.2244082901923001e+01
   3.8200000000000001e-01   1.0610186972148868e-01  -1.4769189507992269e+01
   3.8500000000000001e-01   6.6490302647155830e-02  -9.4320340210359213e+00
   3.8800000000000001e-01   4.0237258756549286e-02  -5.7319714941487128e+00
   3.9100000000000001e-01   2.3484680593891586e-02  -3.2818279679117621e+00
   3.9400000000000002e-01   1.3401417642365642e-02  -1.7681755035544924e+00
   3.9700000000000002e-01   7.7441809766515780e-03  -9.0651580138984500e-01
   4.0000000000000002e-01   4.7828237526636582e-03  -4.5385394379576494e-01
   4.0300000000000002e-01   3.2841625355654732e-03  -2.2527328534060059e-01
   4.0600000000000003e-01   2.5510904449416484e-03  -1.1400284872857348e-01
   4.0900000000000003e-01   2.1886099960150619e-03  -5.8109303941542310e-02
   4.1200000000000003e-01   2.0075741239900576e-03  -2.8090523671526525e-02
   4.1500000000000004e-01   1.9260798345134122e-03  -1.1501030116099245e-02
   4.1800000000000004e-01   1.8952445401095599e-03  -7.4537390331524120e-04
   4.2100000000000004e-01   1.8982872318129681e-03   6.5189024125877418e-03
   4.2400000000000004e-01   1.9231172906656747e-03   1.2064449245650984e-02
   4.2700000000000005e-01   1.9643012925182864e-03   1.6621250142418199e-02
   4.3000000000000005e-01   2.0191409968809641e-03   2.0510599185465779e-02
   4.3300000000000005e-01   2.0853767943720446e-03   2.4009444600750166e-02
   4.3600000000000005e-01   2.1619586673648260e-03   2.7221101993003580e-02
   4.3900000000000006e-01   2.2480077652651588e-03   3.0230220468361879e-02
   4.4200000000000006e-01   2.3429592835195767e-03   3.3073850723982071e-02
   4.4500000000000006e-01   2.4463645981494539e-03   3.5810914647163794e-02
   4.4800000000000006e-01   2.5579056330023732e-03   3.8453809038115190e-02
   4.5100000000000007e-01   2.6773369131530946e-03   4.1028786113310761e-02
   4.5399999999999996e-01   2.8044816975373562e-03   4.3566740197911284e-02
   4.5699999999999996e-01   2.9392153209785621e-03   4.6077327116789919e-02
   4.5999999999999996e-01   3.0814875385815760e-03   4.8584046686315885e-02
   4.6299999999999997e-01   3.2313203746904039e-03   5.1101879945684145e-02
   4.6599999999999997e-01   3.3888476925761787e-03   5.3667640844613805e-02
   4.6899999999999997e-01   3.5540808160654286e-03   5.6270140131542523e-02
   4.7199999999999998e-01   3.7272678216496531e-03   5.8945281226161890e-02
   4.7499999999999998e-01   3.9086017109869718e-03   6.1697314204905457e-02
   4.7799999999999998e-01   4.0983815166889702e-03   6.4544206867739873e-02
   4.8099999999999998e-01   4.2968338283700998e-03   6.7474258569062834e-02
   4.8399999999999999e-01   4.5042157243567211e-03   7.0479957137991975e-02
   4.8699999999999999e-01   4.7207098310933409e-03   7.3541076659972573e-02
   4.8999999999999999e-01   4.9464397025973288e-03   7.6619921619592538e-02
   4.9299999999999999e-01   5.1813957995881085e-03   7.9676227061854218e-02
   4.9600000000000000e-01   5.4253758643570630e-03   8.2640513307472241e-02
   4.9900000000000000e-01   5.6780899779452429e-03   8.5467008533888542e-02
   5.0200000000000000e-01   5.9389905492581337e-03   8.8084548114539529e-02
   5.0500000000000000e-01   6.2073819164094940e-03   9.0444019353591532e-02
   5.0800000000000001e-01   6.4823513688363667e-03   9.2478128978632820e-02
   5.1100000000000001e-01   6.7629347090887582e-03   9.4170389624353715e-02
   5.1400000000000001e-01   7.0480205093972192e-03   9.5487862378035596e-02
   5.1700000000000002e-01   7.3365509694554767e-03   9.6441202496856421e-02
   5.2000000000000002e-01   7.6273883137479440e-03   9.7039473070390500e-02
   5.2300000000000002e-01   7.9195062467644628e-03   9.7312707686976724e-02
   5.2600000000000002e-01   8.2120650636811690e-03   9.7305547199457082e-02
   5.2900000000000003e-01   8.5041915307144458e-03   9.7047054524479912e-02
   5.3200000000000003e-01   8.7952800573311684e-03   9.6589363532719755e-02
   5.3500000000000003e-01   9.0847235519210499e-03   9.5968783975568572e-02
   5.3800000000000003e-01   9.3720286002596121e-03   9.5206314370671175e-02
   5.4100000000000004e-01   9.6568873435294664e-03   9.4333038277531686e-02
   5.4400000000000004e-01   9.9389287027467129e-03   9.3356439345011935e-02
   5.4700000000000004e-01   1.0217978827336098e-02   9.2312319643232055e-02
   5.5000000000000004e-01   1.0493744543102609e-02   9.1196456543554183e-02
   5.5300000000000005e-01   1.0766153603314566e-02   9.0047043935760615e-02
   5.5600000000000005e-01   1.1035134497047494e-02   8.8902425653339251e-02
   5.5900000000000005e-01   1.1300568623616355e-02   8.7756138573185510e-02
   5.6200000000000006e-01   1.1562621701819282e-02   8.6656205687844115e-02
   5.6500000000000006e-01   1.1821503998440281e-02   8.5643222819499751e-02
   5.6800000000000006e-01   1.2077444037650750e-02   8.4711203390413645e-02
   5.7100000000000006e-01   1.2330730072822241e-02   8.3871264240004503e-02
   5.7400000000000007e-01   1.2581682648993909e-02   8.3127736980678713e-02
   5.7700000000000007e-01   1.2830316644892268e-02   8.2423989853900856e-02
   5.7999999999999996e-01   1.3076897308093255e-02   8.1727043416704226e-02
   5.8299999999999996e-01   1.3321252061890448e-02   8.0977661887614030e-02
   5.8599999999999997e-01   1.3563123277997568e-02   8.0103068875565189e-02
   5.8899999999999997e-01   1.3802160061223302e-02   7.9046594938441905e-02
   5.9199999999999997e-01   1.4037704366156516e-02   7.7773192428726837e-02
   5.9499999999999997e-01   1.4268884235511856e-02   7.6199012693741727e-02
   5.9799999999999998e-01   1.4494860348897994e-02   7.4311507531776830e-02
   6.0099999999999998e-01   1.4714592677123895e-02   7.2085835435197060e-02
   6.0399999999999998e-01   1.4927079987796316e-02   6.9502862423626369e-02
   6.0699999999999998e-01   1.5131292147061217e-02   6.6571229160568096e-02
   6.0999999999999999e-01   1.5326254015153019e-02   6.3317386074497647e-02
   6.1299999999999999e-01   1.5510760550224930e-02   5.9736717736668381e-02
   6.1599999999999999e-01   1.5684196795640114e-02   5.5835075954161616e-02
   6.1899999999999999e-01   1.5845395006069848e-02   5.1647533381392906e-02
   6.2200000000000000e-01   1.5993529461704070e-02   4.7171064106678887e-02
   6.2500000000000000e-01   1.6127891158229952e-02   4.2468496284315968e-02
   6.2800000000000000e-01   1.6247761621066416e-02   3.7527277230301331e-02
   6.3100000000000001e-01   1.6352452655966066e-02   3.2391415141800890e-02
   6.3400000000000001e-01   1.6441471183020896e-02   2.7111956414552895e-02
   6.3700000000000001e-01   1.6514524340805765e-02   2.1743260051400912e-02
   6.4000000000000001e-01   1.6571316300191041e-02   1.6341136539134556e-02
   6.4300000000000002e-01   1.6611984453975645e-02   1.0951497644818960e-02
   6.4600000000000002e-01   1.6636663751793342e-02   5.6905991594995283e-03
   6.4900000000000002e-01   1.6645736018619468e-02   5.9952612615272940e-04
   6.5200000000000002e-01   1.6639754104909730e-02  -4.2476540507989111e-03
   6.5500000000000003e-01   1.6619833012444418e-02  -8.7696914522715861e-03
   6.5800000000000003e-01   1.6587029367673586e-02  -1.2842826095695105e-02
   6.6100000000000003e-01   1.6542697657172308e-02  -1.6417900561541923e-02
   6.6400000000000003e-01   1.6488526847122757e-02  -1.9362225408573405e-02
   6.6700000000000004e-01   1.6426550741538658e-02  -2.1626221211410453e-02
   6.7000000000000004e-01   1.6358907350489043e-02  -2.3112154352496323e-02
   6.7300000000000004e-01   1.6288023509127426e-02  -2.3729483983173975e-02
   6.7600000000000005e-01   1.6216673400247482e-02  -2.3447329731997108e-02
   6.7899999999999994e-01   1.6147663602449052e-02  -2.2185716499338880e-02
   6.8199999999999994e-01   1.6083947577343504e-02  -1.9941338075068010e-02
   6.8499999999999994e-01   1.6028494700636241e-02  -1.6721965328865072e-02
   6.8799999999999994e-01   1.5984024439293639e-02  -1.2564916705118665e-02
   6.9099999999999995e-01   1.5953615809611708e-02  -7.4732939471810261e-03
   6.9399999999999995e-01   1.5939717808619996e-02  -1.4947211085506217e-03
   6.9699999999999995e-01   1.5945061896009367e-02   5.2838443701090617e-03
   6.9999999999999996e-01   1.5971776493085524e-02   1.2820259846997140e-02
   7.0299999999999996e-01   1.6022330653167015e-02   2.1090249480374725e-02
   7.0599999999999996e-01   1.6098794542959292e-02   2.9965523151075767e-02
   7.0899999999999996e-01   1.6202824496061301e-02   3.9422477542616248e-02
   7.1199999999999997e-01   1.6335973755562515e-02   4.9418283199959147e-02
   7.1499999999999997e-01   1.6499937390705946e-02   5.9868752286012614e-02
   7.1799999999999997e-01   1.6696057146728283e-02   7.0750402807498364e-02
   7.2099999999999997e-01   1.6925108356898502e-02   8.1979139021082684e-02
   7.2399999999999998e-01   1.7188642497009562e-02   9.3511307118661610e-02
   7.2699999999999998e-01   1.7487302359672885e-02   1.0536064040237839e-01
   7.2999999999999998e-01   1.7821815615610793e-02   1.1744798379027813e-01
   7.3299999999999998e-01   1.8193258931193366e-02   1.2982307698671511e-01
   7.3599999999999999e-01   1.8602047889413251e-02   1.4245021716406855e-01
   7.3899999999999999e-01   1.9049418002566654e-02   1.5541440900276240e-01
   7.4199999999999999e-01   1.9536330199078304e-02   1.6865161206123125e-01
   7.4500000000000000e-01   2.0063138578542444e-02   1.8214115327969801e-01
   7.4800000000000000e-01   2.0631113814350635e-02   1.9592319306603465e-01
   7.5100000000000000e-01   2.1241289139517967e-02   2.0999757581818032e-01
   7.5400000000000000e-01   2.1894023055459358e-02   2.2428689513128677e-01
   7.5700000000000001e-01   2.2589840053503674e-02   2.3873118648500957e-01
   7.6000000000000001e-01   2.3329245603686075e-02   2.5322693314594269e-01
   7.6300000000000001e-01   2.4112634350123546e-02   2.6781653423362833e-01
   7.6600000000000001e-01   2.4939896604638596e-02   2.8239694513033448e-01
   7.6900000000000002e-01   2.5810832358820333e-02   2.9691228143749820e-01
   7.7200000000000002e-01   2.6725297672954076e-02   3.1143674237762825e-01
   7.7500000000000002e-01   2.7683328627610932e-02   3.2597017447436932e-01
   7.7800000000000002e-01   2.8685328064152173e-02   3.4065673430756610e-01
   7.8100000000000003e-01   2.9731834253574715e-02   3.5564643985472327e-01
   7.8400000000000003e-01   3.0823943461316641e-02   3.7109267259158635e-01
   7.8700000000000003e-01   3.1963460570732870e-02   3.8716710016052547e-01
   7.9000000000000004e-01   3.3152521131600221e-02   4.0401215358995163e-01
   7.9300000000000004e-01   3.4393363714572266e-02   4.2169356199938368e-01
   7.9600000000000004e-01   3.5688509878243950e-02   4.4013690708430048e-01
   7.9900000000000004e-01   3.7039938033971126e-02   4.5914718836319018e-01
   8.0200000000000005e-01   3.8448935132260692e-02   4.7849119593187878e-01
   8.0499999999999994e-01   3.9915870081695858e-02   4.9776738908194545e-01
   8.0799999999999994e-01   4.1440320337556666e-02   5.1651460319918596e-01
   8.1099999999999994e-01   4.3018809833641460e-02   5.3404719910047915e-01
   8.1399999999999995e-01   4.4647115854136367e-02   5.4976696803574721e-01
   8.1699999999999995e-01   4.6319735834969046e-02   5.6323451234749922e-01
   8.1999999999999995e-01   4.8028973085449428e-02   5.7396935819794570e-01
   8.2299999999999995e-01   4.9765145747703639e-02   5.8143691689962496e-01
   8.2599999999999996e-01   5.1518155871130081e-02   5.8541384419224307e-01
   8.2899999999999996e-01   5.3277658734072364e-02   5.8575134824407471e-01
   8.3199999999999996e-01   5.5033096809204381e-02   5.8252673517764886e-01
   8.3499999999999996e-01   5.6773649307651559e-02   5.7571694367235215e-01
   8.3799999999999997e-01   5.8488034986256113e-02   5.6545752376194391e-01
   8.4099999999999997e-01   6.0166739015058313e-02   5.5191735387356367e-01
   8.4399999999999997e-01   6.1800164316837228e-02   5.3529551541230613e-01
   8.4699999999999998e-01   6.3378544839020612e-02   5.1555615735153237e-01
   8.4999999999999998e-01   6.4892898028877918e-02   4.9289777659428347e-01
   8.5299999999999998e-01   6.6335012246584640e-02   4.6735461537467021e-01
   8.5599999999999998e-01   6.7696078210097196e-02   4.3895997094809969e-01
   8.5899999999999999e-01   6.8967472144209896e-02   4.0773103694948098e-01
   8.6199999999999999e-01   7.0141501697612088e-02   3.7390658871159149e-01
   8.6499999999999999e-01   7.1209350482724393e-02   3.3759548962856284e-01
   8.6799999999999999e-01   7.2165141813372344e-02   2.9913337468801637e-01
   8.7100000000000000e-01   7.3003238006846036e-02   2.5913764284670016e-01
   8.7400000000000000e-01   7.3719011627863151e-02   2.1802345044005658e-01
   8.7700000000000000e-01   7.4310584361170343e-02   1.7640150541262656e-01
   8.8000000000000000e-01   7.4776794671123831e-02   1.3495151522012075e-01
   8.8300000000000001e-01   7.5119467504145443e-02   9.4098143257598507e-02
   8.8600000000000001e-01   7.5341090887252909e-02   5.4452865331647511e-02
   8.8900000000000001e-01   7.5445418568966527e-02   1.6210679272203161e-02
   8.9200000000000002e-01   7.5437214591409743e-02  -2.0531943710905092e-02
   8.9500000000000002e-01   7.5321155434619286e-02  -5.5578246941119964e-02
   8.9800000000000002e-01   7.5101627220419104e-02  -8.9077817016857908e-02
   9.0100000000000002e-01   7.4783632372201064e-02  -1.2117265268418523e-01
   9.0400000000000003e-01   7.4371162467480698e-02  -1.5201399536462235e-01
   9.0700000000000003e-01   7.3868049373997116e-02  -1.8162179602166589e-01
   9.1000000000000003e-01   7.3277154493556013e-02  -2.0994744689981792e-01
   9.1300000000000003e-01   7.2603227818022253e-02  -2.3698433931344423e-01
   9.1600000000000004e-01   7.1850341913022697e-02  -2.6258297582294704e-01
   9.1900000000000004e-01   7.1022803358185130e-02  -2.8648726469962238e-01
   9.2200000000000004e-01   7.0126598289956946e-02  -3.0843805678998931e-01
   9.2500000000000004e-01   6.9167564131924056e-02  -3.2805633327258882e-01
   9.2800000000000005e-01   6.8153346988608920e-02  -3.4511960464180658e-01
   9.3100000000000005e-01   6.7092109364714339e-02  -3.5938003340453883e-01
   9.3399999999999994e-01   6.5992469815965599e-02  -3.7066942165632433e-01
   9.3699999999999994e-01   6.4863054690546498e-02  -3.7886304276856231e-01
   9.3999999999999995e-01   6.3713462920459457e-02  -3.8393263642653175e-01
   9.4299999999999995e-01   6.2553653053381772e-02  -3.8581876023607325e-01
   9.4599999999999995e-01   6.1392647656080865e-02  -3.8460821831023262e-01
   9.4899999999999995e-01   6.0239820573288007e-02  -3.8032829854184969e-01
   9.5199999999999996e-01   5.9104477972119727e-02  -3.7294340679929711e-01
   9.5499999999999996e-01   5.7994831486446706e-02  -3.6262207688533626e-01
   9.5799999999999996e-01   5.6921414937212311e-02  -3.4958187810895586e-01
   9.6099999999999997e-01   5.5891409274259667e-02  -3.3384943583748838e-01
   9.6399999999999997e-01   5.4912386949497072e-02  -3.1552259885864298e-01
   9.6699999999999997e-01   5.3991142254248378e-02  -2.9498856746049174e-01
   9.6999999999999997e-01   5.3135077106419792e-02  -2.7275781211710931e-01
   9.7299999999999998e-01   5.2347572313129462e-02  -2.4930741892764965e-01
   9.7599999999999998e-01   5.1631718373035596e-02  -2.2502567039056401e-01
   9.7899999999999998e-01   5.0988840351571189e-02  -2.0035736106328375e-01
   9.8199999999999998e-01   5.0419967163244657e-02  -1.7600401079583372e-01
   9.8499999999999999e-01   4.9923026740676411e-02  -1.5264888136535687e-01
   9.8799999999999999e-01   4.9494479411928284e-02  -1.3045493569612007e-01
   9.9099999999999999e-01   4.9130254184919619e-02  -1.0981362935891695e-01
   9.9399999999999999e-01   4.8825695938599957e-02  -9.1119511454149094e-02
   9.9700000000000000e-01   4.8574686957473287e-02  -7.4272383177258650e-02
   1.0000000000000000e+00   4.8371054320549119e-02  -5.9222050000783476e-02
   1.0030000000000001e+00   4.8209986820843688e-02  -4.5905595859983904e-02
   1.0060000000000000e+00   4.8087093539781321e-02  -3.4144292210618897e-02
   1.0090000000000001e+00   4.7997632855389528e-02  -2.3448292852882316e-02
   1.0120000000000000e+00   4.7939015838767363e-02  -1.3870510872809206e-02
   1.0150000000000001e+00   4.7908321634383653e-02  -4.8922503467803292e-03
   1.0180000000000000e+00   4.7903557693040236e-02   3.8585700384311267e-03
   1.0210000000000001e+00   4.7925136067111344e-02   1.2308737402162330e-02
   1.0240000000000000e+00   4.7972197690337018e-02   2.0811564636562731e-02
   1.0270000000000001e+00   4.8045164947618221e-02   2.9465564881674618e-02
   1.0300000000000000e+00   4.8144643923975383e-02   3.8384834585853164e-02
   1.0330000000000001e+00   4.8270723442412684e-02   4.7468778656800228e-02
   1.0360000000000000e+00   4.8424686414919607e-02   5.6647044888178275e-02
   1.0390000000000001e+00   4.8606214831954382e-02   6.5684370429078417e-02
   1.0420000000000000e+00   4.8814837829660424e-02   7.4541848931429122e-02
   1.0450000000000002e+00   4.9049567342294154e-02   8.2753000443011371e-02
   1.0480000000000000e+00   4.9308097158327978e-02   9.0148588032676100e-02
   1.0510000000000002e+00   4.9586834105961930e-02   9.6294328191463247e-02
   1.0540000000000000e+00   4.9881671914990676e-02   1.0097934430440771e-01
   1.0570000000000002e+00   5.0188794397743264e-02   1.0408508679151762e-01
   1.0600000000000001e+00   5.0502073583525882e-02   1.0550550974640556e-01
   1.0629999999999999e+00   5.0817508167082116e-02   1.0535179435730090e-01
   1.0660000000000001e+00   5.1130650709874492e-02   1.0376557537949013e-01
   1.0690000000000000e+00   5.1437292063318520e-02   1.0123559697419336e-01
   1.0720000000000001e+00   5.1736123926895042e-02   9.8361054278146828e-02
   1.0750000000000000e+00   5.2026947078388279e-02   9.5793175695597518e-02
   1.0780000000000001e+00   5.2310226828371172e-02   9.4023440706712591e-02
   1.0810000000000000e+00   5.2590362127403215e-02   9.3765037743413715e-02
   1.0840000000000001e+00   5.2873090581897451e-02   9.5536391009228103e-02
   1.0870000000000000e+00   5.3165257299828399e-02   9.9846975711158234e-02
   1.0900000000000001e+00   5.3473908766194705e-02   1.0689591531782529e-01
   1.0930000000000000e+00   5.3808553887591676e-02   1.1680602337537764e-01
   1.0960000000000001e+00   5.4177205286021428e-02   1.2936823072818734e-01
   1.0990000000000000e+00   5.4586198740757957e-02   1.4421589300192236e-01
   1.1020000000000001e+00   5.5043887863218129e-02   1.6092086831846206e-01
   1.1050000000000002e+00   5.5552927356246701e-02   1.7896939288935554e-01
   1.1080000000000001e+00   5.6117801122664242e-02   1.9783104008628838e-01
   1.1110000000000002e+00   5.6739973100067037e-02   2.1697294699592984e-01
   1.1140000000000001e+00   5.7418936387675722e-02   2.3566310900673931e-01
   1.1170000000000002e+00   5.8152938728039283e-02   2.5365966407160295e-01
   1.1200000000000001e+00   5.8940267928519960e-02   2.7051329830782506e-01
   1.1230000000000002e+00   5.9775385697519098e-02   2.8592658924527942e-01
   1.1260000000000001e+00   6.0655199456359443e-02   3.0004603311516032e-01
   1.1290000000000000e+00   6.1574519155060681e-02   3.1271984498858929e-01
   1.1320000000000001e+00   6.2529667100936548e-02   3.2377910851613162e-01
   1.1350000000000000e+00   6.3516213828755719e-02   3.3364364577535383e-01
   1.1380000000000001e+00   6.4530209105699204e-02   3.4227138042426397e-01
   1.1410000000000000e+00   6.5568511516189157e-02   3.4970288634615337e-01
   1.1440000000000001e+00   6.6628153426625772e-02   3.5625751627163055e-01
   1.1470000000000000e+00   6.7705594384752835e-02   3.6178911941776826e-01
   1.1500000000000001e+00   6.8798311316681696e-02   3.6641677029590741e-01
   1.1530000000000000e+00   6.9904081396482062e-02   3.7030736613781090e-01
   1.1560000000000001e+00   7.1019655976819820e-02   3.7344468771079831e-01
   1.1590000000000000e+00   7.2144491884396186e-02   3.7577238471548968e-01
   1.1620000000000001e+00   7.3274680595778380e-02   3.7731613391691676e-01
   1.1650000000000000e+00   7.4407877152425930e-02   3.7807712892969758e-01
   1.1680000000000001e+00   7.5543370027473578e-02   3.7815857881213050e-01
   1.1710000000000000e+00   7.6677704962963347e-02   3.7748310975653815e-01
   1.1740000000000002e+00   7.7808945903065085e-02   3.7614042697185884e-01
   1.1770000000000000e+00   7.8935480842512951e-02   3.7437451439924591e-01
   1.1800000000000002e+00   8.0056585839080485e-02   3.7217356598336238e-01
   1.1830000000000001e+00   8.1169825254659558e-02   3.6976383644135141e-01
   1.1860000000000002e+00   8.2276519475841539e-02   3.6730088743275180e-01
   1.1890000000000001e+00   8.3375069011258712e-02   3.6502651027110905e-01
   1.1920000000000002e+00   8.4466655345742658e-02   3.6287843205801534e-01
   1.1950000000000001e+00   8.5553077985161693e-02   3.6122856620875093e-01
   1.1980000000000002e+00   8.6634960395459093e-02   3.5982228853830978e-01
   1.2010000000000001e+00   8.7714047935938233e-02   3.5882409364716344e-01
   1.2040000000000002e+00   8.8789130769943686e-02   3.5806888467264958e-01
   1.2070000000000001e+00   8.9864111652773082e-02   3.5763324355256521e-01
   1.2100000000000002e+00   9.0936962169102631e-02   3.5719346851899719e-01
   1.2130000000000001e+00   9.2007790178919774e-02   3.5654948949107085e-01
   1.2160000000000002e+00   9.3076580279440144e-02   3.5559336542855191e-01
   1.2190000000000001e+00   9.4141171785068242e-02   3.5441122703696754e-01
   1.2220000000000002e+00   9.5201955065988442e-02   3.5305979919263297e-01
   1.2250000000000001e+00   9.6258840720718386e-02   3.5121152952243051e-01
   1.2280000000000002e+00   9.7310652153777558e-02   3.4940571709867924e-01
   1.2310000000000001e+00   9.8356659386132833e-02   3.4769828383110490e-01
   1.2340000000000002e+00   9.9397106794184578e-02   3.4628013123165452e-01
   1.2370000000000001e+00   1.0043525672687069e-01   3.4533452471320786e-01
   1.2400000000000002e+00   1.0146876878631976e-01   3.4480125864938432e-01
   1.2430000000000001e+00   1.0250177230660951e-01   3.4495386542479567e-01
   1.2460000000000002e+00   1.0353759632930221e-01   3.4568543156919551e-01
   1.2490000000000001e+00   1.0457673109305367e-01   3.4744156573998891e-01
   1.2520000000000002e+00   1.0562198032257746e-01   3.4953289077941946e-01
   1.2550000000000001e+00   1.0667279022689534e-01   3.5188272612747468e-01
   1.2580000000000000e+00   1.0773149958847957e-01   3.5442235843247938e-01
   1.2610000000000001e+00   1.0879465899087672e-01   3.5571293955183653e-01
   1.2640000000000000e+00   1.0986423199175273e-01   3.5651580363825608e-01
   1.2670000000000001e+00   1.1092996376891549e-01   3.5497520739665428e-01
   1.2700000000000000e+00   1.1198814507064064e-01   3.5074622142478312e-01
   1.2730000000000001e+00   1.1302847388312495e-01   3.4368506834908202e-01
   1.2760000000000000e+00   1.1404471567850534e-01   3.3353311181224121e-01
   1.2790000000000001e+00   1.1502682229559827e-01   3.2024549499388250e-01
   1.2820000000000000e+00   1.1596410755524371e-01   3.0424221799008466e-01
   1.2850000000000001e+00   1.1684872544978621e-01   2.8576323166264933e-01
   1.2880000000000000e+00   1.1767648997601866e-01   2.6583956190545638e-01
   1.2910000000000001e+00   1.1844284145784054e-01   2.4552157370466968e-01
   1.2940000000000000e+00   1.1914719980855987e-01   2.2538243345892539e-01
   1.2970000000000002e+00   1.1979536600306921e-01   2.0738395236791385e-01
   1.3000000000000000e+00   1.2039184765512914e-01   1.9238780378099343e-01
   1.3030000000000002e+00   1.2095082280360379e-01   1.8192808974819358e-01
   1.3060000000000000e+00   1.2148405512395978e-01   1.7685621146132885e-01
   1.3090000000000002e+00   1.2201418539953249e-01   1.7840442413490548e-01
   1.3120000000000001e+00   1.2256425958931146e-01   1.8775313657011131e-01
   1.3150000000000002e+00   1.2314867716810900e-01   2.0425352715512116e-01
   1.3180000000000001e+00   1.2379104122287136e-01   2.2729834273485955e-01
   1.3210000000000002e+00   1.2451492275510115e-01   2.5694625258303272e-01
   1.3240000000000001e+00   1.2533465967168878e-01   2.9172336023174911e-01
   1.3270000000000002e+00   1.2626806923091935e-01   3.3060755869622688e-01
   1.3300000000000001e+00   1.2731969859903353e-01   3.7077811568633834e-01
   1.3330000000000002e+00   1.2848500196241067e-01   4.0962534831398090e-01
   1.3360000000000001e+00   1.2976349660157546e-01   4.4539034569903757e-01
   1.3390000000000002e+00   1.3115587603039106e-01   4.7825401786670385e-01
   1.3420000000000001e+00   1.3264383434378493e-01   5.0691549617288412e-01
   1.3450000000000002e+00   1.3418948173331299e-01   5.2615762829617108e-01
   1.3480000000000001e+00   1.3577930187884465e-01   5.3760740116085914e-01
   1.3510000000000002e+00   1.3739497021362693e-01   5.4142426215555706e-01
   1.3540000000000001e+00   1.3900801621961326e-01   5.3841383175908453e-01
   1.3570000000000002e+00   1.4060381491045695e-01   5.2907825604186953e-01
   1.3600000000000001e+00   1.4216293727386542e-01   5.1418653235477629e-01
   1.3630000000000002e+00   1.4367371741303489e-01   4.9509940547620063e-01
   1.3660000000000001e+00   1.4511709567459985e-01   4.7077667750701224e-01
   1.3690000000000002e+00   1.4647999927257127e-01   4.4155810176711652e-01
   1.3720000000000001e+00   1.4774449519627306e-01   4.0503024314988045e-01
   1.3750000000000002e+00   1.4888635786139465e-01   3.5965027976117148e-01
   1.3780000000000001e+00   1.4987343713977144e-01   3.0166084633303702e-01
   1.3810000000000000e+00   1.5066337439311309e-01   2.2797793815561218e-01
   1.3840000000000001e+00   1.5120468875266826e-01   1.3585931486908204e-01
   1.3870000000000000e+00   1.5144098051082444e-01   2.2436375624943404e-02
   1.3900000000000001e+00   1.5130086475835930e-01  -1.1361394051841189e-01
   1.3930000000000000e+00   1.5072007397101317e-01  -2.7136659941408298e-01
   1.3960000000000001e+00   1.4963535747047632e-01  -4.4877520020834466e-01
   1.3990000000000000e+00   1.4799515612110192e-01  -6.4160607452749818e-01
   1.4020000000000001e+00   1.4575994481546709e-01  -8.4403069103018324e-01
   1.4050000000000000e+00   1.4291527847993066e-01  -1.0474177502833300e+00
   1.4080000000000001e+00   1.3947185296036538e-01  -1.2439830317780036e+00
   1.4110000000000000e+00   1.3545778308762668e-01  -1.4230475403575380e+00
   1.4140000000000001e+00   1.3093508731139880e-01  -1.5800075776691400e+00
   1.4170000000000000e+00   1.2598720035825400e-01  -1.7061146647247722e+00
   1.4200000000000002e+00   1.2071366751498615e-01  -1.7962442009787161e+00
   1.4230000000000000e+00   1.1522568557281961e-01  -1.8476398893928567e+00
   1.4260000000000002e+00   1.0964043987836913e-01  -1.8603475400690130e+00
   1.4290000000000000e+00   1.0407260179385781e-01  -1.8368162761397941e+00
   1.4320000000000002e+00   9.8625117532505954e-02  -1.7810399291626799e+00
   1.4350000000000001e+00   9.3385926860307653e-02  -1.6983520588889485e+00
   1.4380000000000002e+00   8.8426265923822175e-02  -1.5952748541740098e+00
   1.4410000000000001e+00   8.3799579661999829e-02  -1.4791749002904784e+00
   1.4440000000000002e+00   7.9530268506300003e-02  -1.3559959003132864e+00
   1.4470000000000001e+00   7.5635501160417104e-02  -1.2338800623700743e+00
   1.4500000000000002e+00   7.2097298245568875e-02  -1.1178724822370594e+00
   1.4530000000000001e+00   6.8891056890559035e-02  -1.0146303868824049e+00
   1.4560000000000002e+00   6.5965701630835746e-02  -9.2842014152920416e-01
   1.4590000000000001e+00   6.3263008714756264e-02  -8.6393122795607202e-01
   1.4620000000000002e+00   6.0720950887191344e-02  -8.2609111484377473e-01
   1.4650000000000001e+00   5.8252757649762232e-02  -8.1509979233807761e-01
   1.4680000000000002e+00   5.5776873606566357e-02  -8.3041737464456133e-01
   1.4710000000000001e+00   5.3218169503704234e-02  -8.6979521788203817e-01
   1.4740000000000002e+00   5.0505073408984281e-02  -9.2740317285084306e-01
   1.4770000000000001e+00   4.7603528740759994e-02  -9.9906903359227139e-01
   1.4800000000000002e+00   4.4483607238459122e-02  -1.0759675033662948e+00
   1.4830000000000001e+00   4.1136974880344040e-02  -1.1477553395926408e+00
   1.4860000000000002e+00   3.7585250371504668e-02  -1.2049383107474225e+00
   1.4890000000000001e+00   3.3884602247561069e-02  -1.2411887642978998e+00
   1.4920000000000002e+00   3.0126058974195024e-02  -1.2550775712718383e+00
   1.4950000000000001e+00   2.6369955483116828e-02  -1.2397861874925991e+00
   1.4980000000000002e+00   2.2701750145324259e-02  -1.1949371695297584e+00
   1.5010000000000001e+00   1.9210953511272409e-02  -1.1241569112016552e+00
   1.5040000000000002e+00   1.5965348584097771e-02  -1.0312413786033634e+00
   1.5070000000000001e+00   1.3024510821130741e-02  -9.2282949976590956e-01
   1.5100000000000000e+00   1.0420670983871026e-02  -8.0476343260161276e-01
   1.5130000000000001e+00   8.1793525280256640e-03  -6.8521320011754194e-01
   1.5160000000000000e+00   6.2917791531378695e-03  -5.6879634348789232e-01
   1.5190000000000001e+00   4.7441148935908131e-03  -4.6089368663546881e-01
   1.5220000000000000e+00   3.5010203027235030e-03  -3.6376540748414177e-01
   1.5250000000000001e+00   2.5331872458551814e-03  -2.8068032750274147e-01
   1.5280000000000000e+00   1.7937074938814881e-03  -2.1116028559449068e-01
   1.5310000000000001e+00   1.2435782386757271e-03  -1.5507247739134328e-01
   1.5340000000000000e+00   8.4188990455975096e-04  -1.1079415416628614e-01
   1.5370000000000001e+00   5.5944320748544806e-04  -7.7595825791860237e-02
   1.5400000000000000e+00   3.6148042360026794e-04  -5.2635178350543099e-02
   1.5430000000000001e+00   2.2819625076215592e-04  -3.4807750151319983e-02
   1.5460000000000000e+00   1.3890612180476953e-04  -2.2114228404481965e-02
   1.5490000000000002e+00   8.2279579707749228e-05  -1.3656482419384386e-02
   1.5520000000000000e+00   4.1653146435109592e-05  -7.1512230069621123e-03
   1.5550000000000002e+00   1.2980994783828611e-05  -2.3074042753124979e-03
   1.5580000000000001e+00   0.0000000000000000e+00   0.0000000000000000e+00
   1.5610000000000002e+00   0.0000000000000000e+00   0.0000000000000000e+00
   1.5640000000000001e+00   0.0000000000000000e+00   0.0000000000000000e+00
   1.5670000000000002e+00   0.0000000000000000e+00   0.0000000000000000e+00
   1.5700000000000001e+00   0.0000000000000000e+00   0.0000000000000000e+00
   1.5730000000000002e+00   0.0000000000000000e+00   0.0000000000000000e+00
   1.5760000000000001e+00   0.0000000000000000e+00   0.0000000000000000e+00
   1.5790000000000002e+00   0.0000000000000000e+00   0.0000000000000000e+00
   1.5820000000000001e+00   0.0000000000000000e+00   0.0000000000000000e+00
   1.5850000000000002e+00   0.0000000000000000e+00   0.0000000000000000e+00
   1.5880000000000001e+00   0.0000000000000000e+00   0.0000000000000000e+00
   1.5910000000000002e+00   0.0000000000000000e+00   0.0000000000000000e+00
   1.5940000000000001e+00   0.0000000000000000e+00   0.0000000000000000e+00
   1.5970000000000002e+00   0.0000000000000000e+00   0.0000000000000000e+00
   1.6000000000000001e+00   0.0000000000000000e+00   0.0000000000000000e+00
