#! FIELDS distance hh2 dhh2_distance
#! SET normalisation    1.4701000000000000e+04
#! SET min_distance 0.1
#! SET max_distance 1.6
#! SET nbins_distance  500
#! SET periodic_distance false
   1.0000000000000001e-01   0.0000000000000000e+00   0.0000000000000000e+00
   1.0300000000000001e-01   0.0000000000000000e+00   0.0000000000000000e+00
   1.0600000000000001e-01   0.0000000000000000e+00   0.0000000000000000e+00
   1.0900000000000001e-01   0.0000000000000000e+00   0.0000000000000000e+00
   1.1200000000000000e-01   0.0000000000000000e+00   0.0000000000000000e+00
   1.1500000000000000e-01   0.0000000000000000e+00   0.0000000000000000e+00
   1.1800000000000001e-01   0.0000000000000000e+00   0.0000000000000000e+00
   1.2100000000000001e-01   0.0000000000000000e+00   0.0000000000000000e+00
   1.2400000000000000e-01   0.0000000000000000e+00   0.0000000000000000e+00
   1.2700000000000000e-01   0.0000000000000000e+00   0.0000000000000000e+00
   1.3000000000000000e-01   0.0000000000000000e+00   0.0000000000000000e+00
   1.3300000000000001e-01   0.0000000000000000e+00   0.0000000000000000e+00
   1.3600000000000001e-01   0.0000000000000000e+00   0.0000000000000000e+00
   1.3900000000000001e-01   0.0000000000000000e+00   0.0000000000000000e+00
   1.4200000000000002e-01   0.0000000000000000e+00   0.0000000000000000e+00
   1.4500000000000002e-01   0.0000000000000000e+00   0.0000000000000000e+00
   1.4800000000000002e-01   0.0000000000000000e+00   0.0000000000000000e+00
   1.5100000000000002e-01   0.0000000000000000e+00   0.0000000000000000e+00
   1.5400000000000000e-01   0.0000000000000000e+00   0.0000000000000000e+00
   1.5700000000000000e-01   0.0000000000000000e+00   0.0000000000000000e+00
   1.6000000000000000e-01   0.0000000000000000e+00   0.0000000000000000e+00
   1.6300000000000001e-01   0.0000000000000000e+00   0.0000000000000000e+00
   1.6600000000000001e-01   0.0000000000000000e+00   0.0000000000000000e+00
   1.6900000000000001e-01   5.9513366874108861e-08   1.1040177315836606e-05
   1.7200000000000001e-01   5.6214806941293171e-07   1.0310301525878515e-04
   1.7499999999999999e-01   3.2316112320790614e-06   5.8799374275647219e-04
   1.7799999999999999e-01   1.5790230673390758e-05   2.8530093794853044e-03
   1.8099999999999999e-01   6.5687871776820813e-05   1.1777564039370450e-02
   1.8400000000000000e-01   2.0984209538623771e-04   3.7276823204734730e-02
   1.8700000000000000e-01   5.2323560691100511e-04   9.1410985271817499e-02
   1.9000000000000000e-01   1.1507356551999021e-03   1.9724237153656807e-01
   1.9300000000000000e-01   2.3410279619086763e-03   3.9295113875472681e-01
   1.9600000000000001e-01   4.3105875529269319e-03   7.0364338730389220e-01
   1.9900000000000001e-01   7.5149644914964987e-03   1.1890354519872279e+00
   2.0200000000000001e-01   1.2436202896915769e-02   1.8978727681201175e+00
   2.0500000000000002e-01   1.9890443905745174e-02   2.9168345544733683e+00
   2.0800000000000002e-01   3.1060275205179320e-02   4.3675877458984038e+00
   2.1100000000000002e-01   4.7140490626897458e-02   6.3285321538262966e+00
   2.1400000000000002e-01   7.0169288867613935e-02   8.9771193298210861e+00
   2.1700000000000003e-01   1.0233165707876088e-01   1.2444269287075551e+01
   2.2000000000000000e-01   1.4607114682354755e-01   1.6824716267826382e+01
   2.2300000000000000e-01   2.0451359292168267e-01   2.2248197477373157e+01
   2.2600000000000001e-01   2.8081369222054997e-01   2.8755810710465493e+01
   2.2900000000000001e-01   3.7824463623187027e-01   3.6328350143518698e+01
   2.3200000000000001e-01   4.9983024703348922e-01   4.4842045375514708e+01
   2.3500000000000001e-01   6.4807522077250046e-01   5.4059991757291641e+01
   2.3800000000000002e-01   8.2459070864915496e-01   6.3620262829651679e+01
   2.4100000000000002e-01   1.0296956897976235e+00   7.3035027437053017e+01
   2.4400000000000002e-01   1.2621044543596998e+00   8.1715150035666568e+01
   2.4700000000000000e-01   1.5186208600123885e+00   8.8997842990616292e+01
   2.5000000000000000e-01   1.7940365524648858e+00   9.4203841787924233e+01
   2.5300000000000000e-01   2.0811439250101471e+00   9.6695541572505505e+01
   2.5600000000000001e-01   2.3709789678406730e+00   9.5946688390946505e+01
   2.5900000000000001e-01   2.6532352209195884e+00   9.1603636585992874e+01
   2.6200000000000001e-01   2.9168836801157236e+00   8.3540381313900966e+01
   2.6500000000000001e-01   3.1508888902840884e+00   7.1887703146387452e+01
   2.6800000000000002e-01   3.3450148238235378e+00   5.7042426699284931e+01
   2.7100000000000002e-01   3.4905905987516745e+00   3.9645300333684020e+01
   2.7400000000000002e-01   3.5811733970875976e+00   2.0532624118183392e+01
   2.7700000000000002e-01   3.6130373935646833e+00   6.6720101831924850e-01
   2.8000000000000003e-01   3.5854392223034912e+00  -1.8942753476799798e+01
   2.8300000000000003e-01   3.5006124218972077e+00  -3.7331035749725721e+01
   2.8600000000000003e-01   3.3635318211009939e+00  -5.3650523954152497e+01
   2.8900000000000003e-01   3.1814543361976426e+00  -6.7236356383596132e+01
   2.9200000000000004e-01   2.9633002029911770e+00  -7.7647712027991048e+01
   2.9500000000000004e-01   2.7189557018291119e+00  -8.4683300191822113e+01
   2.9800000000000004e-01   2.4585580390998079e+00  -8.8373681395115057e+01
   3.0100000000000005e-01   2.1918359682767368e+00  -8.8952868472087047e+01
   3.0400000000000005e-01   1.9275674858098699e+00  -8.6813581221679655e+01
   3.0700000000000005e-01   1.6731812927722345e+00  -8.2454615237048415e+01
   3.1000000000000000e-01   1.4345138988019825e+00  -7.6427669244786628e+01
   3.1300000000000000e-01   1.2157345913543620e+00  -6.9286464756458102e+01
   3.1600000000000000e-01   1.0194000065792859e+00  -6.1546021697836842e+01
   3.1900000000000001e-01   8.4661753600163248e-01  -5.3652802494112905e+01
   3.2200000000000001e-01   6.9727721489869343e-01  -4.5967261297309221e+01
   3.2500000000000001e-01   5.7032957053930300e-01  -3.8755019788235344e+01
   3.2800000000000001e-01   4.6404397882481180e-01  -3.2190635657773811e+01
   3.3100000000000002e-01   3.7627936015972052e-01  -2.6363773595867443e+01
   3.3400000000000002e-01   3.0473947170369636e-01  -2.1310226710619801e+01
   3.3700000000000002e-01   2.4707958091578974e-01  -1.7004159373391097e+01
   3.3999999999999997e-01   2.0109736855774493e-01  -1.3387540338627664e+01
   3.4299999999999997e-01   1.6497500956106406e-01  -1.0421696648087991e+01
   3.4599999999999997e-01   1.3683342370489879e-01  -7.9961034962637259e+00
   3.4899999999999998e-01   1.1522840018544175e-01  -6.0354476771629191e+00
   3.5199999999999998e-01   9.9002556292137944e-02  -4.4672153325177959e+00
   3.5499999999999998e-01   8.6988319847534273e-02  -3.1897621731029537e+00
   3.5799999999999998e-01   7.8663860539566977e-02  -2.1864183226208049e+00
   3.6099999999999999e-01   7.3013254045776230e-02  -1.3281216710925852e+00
   3.6399999999999999e-01   6.9759231716414474e-02  -5.9957917453479170e-01
   3.6699999999999999e-01   6.8746466323752725e-02  -1.6699302518541506e-03
   3.7000000000000000e-01   6.9426924891312788e-02   5.5297894289298632e-01
   3.7300000000000000e-01   7.1763862698775535e-02   1.0587237316325577e+00
   3.7600000000000000e-01   7.5597774166109327e-02   1.5455245986773976e+00
   3.7900000000000000e-01   8.0927767752337093e-02   2.0213036293127606e+00
   3.8200000000000001e-01   8.7685622496966806e-02   2.4954978381105950e+00
   3.8500000000000001e-01   9.5881923441012568e-02   2.9706252903212778e+00
   3.8800000000000001e-01   1.0555527505052206e-01   3.4540505078507775e+00
   3.9100000000000001e-01   1.1670010862356285e-01   3.9497042517110388e+00
   3.9400000000000002e-01   1.2932120295888505e-01   4.4482473569192811e+00
   3.9700000000000002e-01   1.4345153538747235e-01   4.9550141043213243e+00
   4.0000000000000002e-01   1.5915218494438210e-01   5.4749110776176027e+00
   4.0300000000000002e-01   1.7637944592881324e-01   5.9993224353881285e+00
   4.0600000000000003e-01   1.9520451438926575e-01   6.5342612476473452e+00
   4.0900000000000003e-01   2.1568494753824310e-01   7.0887542711063176e+00
   4.1200000000000003e-01   2.3788903569446723e-01   7.6676192061175259e+00
   4.1500000000000004e-01   2.6184038100716750e-01   8.2664099164898772e+00
   4.1800000000000004e-01   2.8761777038092562e-01   8.8898423447272172e+00
   4.2100000000000004e-01   3.1532114610799922e-01   9.5411302054788294e+00
   4.2400000000000004e-01   3.4500459254667293e-01   1.0212331463941622e+01
   4.2700000000000005e-01   3.7669992999390645e-01   1.0892641232596020e+01
   4.3000000000000005e-01   4.1046877746494725e-01   1.1574689034601155e+01
   4.3300000000000005e-01   4.4630088660070422e-01   1.2243196552942315e+01
   4.3600000000000005e-01   4.8402167556374365e-01   1.2860642969081876e+01
   4.3900000000000006e-01   5.2352459061100709e-01   1.3411523856364369e+01
   4.4200000000000006e-01   5.6451934847398144e-01   1.3862186685145630e+01
   4.4500000000000006e-01   6.0669832413406999e-01   1.4191998213903309e+01
   4.4800000000000006e-01   6.4962891223109021e-01   1.4373837161906385e+01
   4.5100000000000007e-01   6.9289419348139170e-01   1.4401865222903469e+01
   4.5399999999999996e-01   7.3601635579138858e-01   1.4273083443422854e+01
   4.5699999999999996e-01   7.7853057787480939e-01   1.3993706171489196e+01
   4.5999999999999996e-01   8.1998354091459968e-01   1.3577273742981514e+01
   4.6299999999999997e-01   8.6000260657147509e-01   1.3047599624598801e+01
   4.6599999999999997e-01   8.9828875942447517e-01   1.2432614162951758e+01
   4.6899999999999997e-01   9.3463576125123449e-01   1.1759768552562674e+01
   4.7199999999999998e-01   9.6891351047536667e-01   1.1057579554978634e+01
   4.7499999999999998e-01   1.0010497099971796e+00   1.0343395841080994e+01
   4.7799999999999998e-01   1.0310558340570939e+00   9.6375640784863563e+00
   4.8099999999999998e-01   1.0589584269359955e+00   8.9401141625810450e+00
   4.8399999999999999e-01   1.0847807298106058e+00   8.2509359091714831e+00
   4.8699999999999999e-01   1.1085258359404149e+00   7.5626886588959170e+00
   4.8999999999999999e-01   1.1302009532996626e+00   6.8632871058362088e+00
   4.9299999999999999e-01   1.1497344085010150e+00   6.1424185983476161e+00
   4.9600000000000000e-01   1.1670403721992280e+00   5.3836488895721404e+00
   4.9900000000000000e-01   1.1820030286188639e+00   4.5829112661535882e+00
   5.0200000000000000e-01   1.1944886456719985e+00   3.7295575130452994e+00
   5.0500000000000000e-01   1.2043291906532934e+00   2.8234556450733828e+00
   5.0800000000000001e-01   1.2113804519044582e+00   1.8672115598250638e+00
   5.1100000000000001e-01   1.2154671428574613e+00   8.6553866444642391e-01
   5.1400000000000001e-01   1.2165081287850881e+00  -1.7665556788640879e-01
   5.1700000000000002e-01   1.2143612262136481e+00  -1.2481627746143638e+00
   5.2000000000000002e-01   1.2089756770706870e+00  -2.3399656198320375e+00
   5.2300000000000002e-01   1.2003139573359862e+00  -3.4317670939297944e+00
   5.2600000000000002e-01   1.1883657880636529e+00  -4.5047144470815983e+00
   5.2900000000000003e-01   1.1732392167539512e+00  -5.5467681715858079e+00
   5.3200000000000003e-01   1.1550648190961532e+00  -6.5355025293024918e+00
   5.3500000000000003e-01   1.1339859423064167e+00  -7.4481776197632623e+00
   5.3800000000000003e-01   1.1103080181205780e+00  -8.2669130266714532e+00
   5.4100000000000004e-01   1.0843556013058615e+00  -8.9818078833773090e+00
   5.4400000000000004e-01   1.0564533969384717e+00  -9.5664471296488820e+00
   5.4700000000000004e-01   1.0269830663802353e+00  -9.9993205267699778e+00
   5.5000000000000004e-01   9.9648632924822045e-01  -1.0290619951207075e+01
   5.5300000000000005e-01   9.6535231764141882e-01  -1.0415737733490710e+01
   5.5600000000000005e-01   9.3407229595339092e-01  -1.0369249590327003e+01
   5.5900000000000005e-01   9.0312953030843657e-01  -1.0153481980036066e+01
   5.6200000000000006e-01   8.7310847498764532e-01  -9.7928188538475922e+00
   5.6500000000000006e-01   8.4439654532667952e-01  -9.2884701348259426e+00
   5.6800000000000006e-01   8.1735389848338535e-01  -8.6521347531567656e+00
   5.7100000000000006e-01   7.9239834382110919e-01  -7.9203208412795627e+00
   5.7400000000000007e-01   7.6979114047443431e-01  -7.1150255382726124e+00
   5.7700000000000007e-01   7.4963091664597048e-01  -6.2601228117904277e+00
   5.7999999999999996e-01   7.3202970263070988e-01  -5.3835274564678013e+00
   5.8299999999999996e-01   7.1710510370589498e-01  -4.5377589123780560e+00
   5.8599999999999997e-01   7.0461112930139380e-01  -3.7328655848927252e+00
   5.8899999999999997e-01   6.9447564119913641e-01  -2.9953924050577245e+00
   5.9199999999999997e-01   6.8641599202133430e-01  -2.3407867601226355e+00
   5.9499999999999997e-01   6.8021579017511347e-01  -1.7830826179367734e+00
   5.9799999999999998e-01   6.7551742353851341e-01  -1.3169740807705921e+00
   6.0099999999999998e-01   6.7205191066328263e-01  -9.3910234372370938e-01
   6.0399999999999998e-01   6.6961010501177787e-01  -6.4732502877616660e-01
   6.0699999999999998e-01   6.6792510463676824e-01  -4.3076921581094840e-01
   6.0999999999999999e-01   6.6682731474389934e-01  -2.7534903447352627e-01
   6.1299999999999999e-01   6.6610171752776060e-01  -1.6334952369798084e-01
   6.1599999999999999e-01   6.6567461559918917e-01  -7.8438717994947366e-02
   6.1899999999999999e-01   6.6549656257455381e-01  -4.0816273432340289e-03
   6.2200000000000000e-01   6.6558431306150190e-01   7.5439248229844880e-02
   6.2500000000000000e-01   6.6590958349706264e-01   1.7677195726352601e-01
   6.2800000000000000e-01   6.6657327058992266e-01   3.0358938283185649e-01
   6.3100000000000001e-01   6.6766519984366446e-01   4.6789196510494657e-01
   6.3400000000000001e-01   6.6931605770877345e-01   6.6851342819960147e-01
   6.3700000000000001e-01   6.7162152988435109e-01   9.0359963278833699e-01
   6.4000000000000001e-01   6.7468757374220145e-01   1.1651393681188447e+00
   6.4300000000000002e-01   6.7858922631061536e-01   1.4433146649130628e+00
   6.4600000000000002e-01   6.8332292960458163e-01   1.7255774629861229e+00
   6.4900000000000002e-01   6.8890032405399260e-01   1.9952758083198228e+00
   6.5200000000000002e-01   6.9524936903306378e-01   2.2357898874220759e+00
   6.5500000000000003e-01   7.0223461871660697e-01   2.4325463965893999e+00
   6.5800000000000003e-01   7.0975237882502162e-01   2.5751083332885187e+00
   6.6100000000000003e-01   7.1759948824122566e-01   2.6590852342355893e+00
   6.6400000000000003e-01   7.2560744530782129e-01   2.6791761161340046e+00
   6.6700000000000004e-01   7.3357818341111092e-01   2.6377308001809250e+00
   6.7000000000000004e-01   7.4132418566775149e-01   2.5432055958162127e+00
   6.7300000000000004e-01   7.4873363741389332e-01   2.4052961359384835e+00
   6.7600000000000005e-01   7.5566761235835023e-01   2.2327534062450636e+00
   6.7899999999999994e-01   7.6205657749512001e-01   2.0407706168791617e+00
   6.8199999999999994e-01   7.6785388222803541e-01   1.8321765236714811e+00
   6.8499999999999994e-01   7.7299246659765319e-01   1.6178225992627180e+00
   6.8799999999999994e-01   7.7748403013597567e-01   1.3951147476085866e+00
   6.9099999999999995e-01   7.8130149400772475e-01   1.1668869473662642e+00
   6.9399999999999995e-01   7.8442394357505596e-01   9.3309329594589852e-01
   6.9699999999999995e-01   7.8684037423826625e-01   6.8568140942297218e-01
   6.9999999999999996e-01   7.8848606781199848e-01   4.2253010050018802e-01
   7.0299999999999996e-01   7.8930379793019656e-01   1.4138446924083031e-01
   7.0599999999999996e-01   7.8926298059569244e-01  -1.6287432858102929e-01
   7.0899999999999996e-01   7.8825393300223234e-01  -4.8944065492267447e-01
   7.1199999999999997e-01   7.8626079531091853e-01  -8.3398603051076969e-01
   7.1499999999999997e-01   7.8321141996892185e-01  -1.1912020042545786e+00
   7.1799999999999997e-01   7.7908637766200484e-01  -1.5514850742019761e+00
   7.2099999999999997e-01   7.7388737961745058e-01  -1.8997041901718139e+00
   7.2399999999999998e-01   7.6770138276671562e-01  -2.2208434730226387e+00
   7.2699999999999998e-01   7.6058476998234636e-01  -2.4942798122416745e+00
   7.2999999999999998e-01   7.5275084045205121e-01  -2.6966425592966887e+00
   7.3299999999999998e-01   7.4443907997969438e-01  -2.8208362165743686e+00
   7.3599999999999999e-01   7.3587580179083023e-01  -2.8374408871037113e+00
   7.3899999999999999e-01   7.2744633380406132e-01  -2.7432364972582852e+00
   7.4199999999999999e-01   7.1948337055282119e-01  -2.5299976468708207e+00
   7.4500000000000000e-01   7.1233507770599924e-01  -2.2039093155957379e+00
   7.4800000000000000e-01   7.0629525707271457e-01  -1.7778523146356997e+00
   7.5100000000000000e-01   7.0167408812423382e-01  -1.2643040718051517e+00
   7.5400000000000000e-01   6.9868960521367673e-01  -6.9882334252872369e-01
   7.5700000000000001e-01   6.9743109056512509e-01  -1.0720621852819463e-01
   7.6000000000000001e-01   6.9797615366117416e-01   4.7141303376747179e-01
   7.6300000000000001e-01   7.0019782667604402e-01   1.0103013497432454e+00
   7.6600000000000001e-01   7.0392511815476311e-01   1.4811557095548831e+00
   7.6900000000000002e-01   7.0892318660615139e-01   1.8643036902803962e+00
   7.7200000000000002e-01   7.1494042650608269e-01   2.1423856335280647e+00
   7.7500000000000002e-01   7.2161874984870544e-01   2.3050359864842740e+00
   7.7800000000000002e-01   7.2861507589229657e-01   2.3618404658673104e+00
   7.8100000000000003e-01   7.3564158589853368e-01   2.3244422638729003e+00
   7.8400000000000003e-01   7.4244453409518107e-01   2.2086985313288734e+00
   7.8700000000000003e-01   7.4880021298370580e-01   2.0376708092914249e+00
   7.9000000000000004e-01   7.5462063587137729e-01   1.8454162139271930e+00
   7.9300000000000004e-01   7.5981856363410105e-01   1.6455531898716140e+00
   7.9600000000000004e-01   7.6445844827380083e-01   1.4708159225223914e+00
   7.9900000000000004e-01   7.6864817823652865e-01   1.3422213411140851e+00
   8.0200000000000005e-01   7.7254443710009102e-01   1.2711499044294294e+00
   8.0499999999999994e-01   7.7632505725964562e-01   1.2775933097271284e+00
   8.0799999999999994e-01   7.8023167319443731e-01   1.3625414140668806e+00
   8.1099999999999994e-01   7.8449994178989146e-01   1.5261596567381652e+00
   8.1399999999999995e-01   7.8936086603752564e-01   1.7506901368887637e+00
   8.1699999999999995e-01   7.9502485722056571e-01   2.0332137828575534e+00
   8.1999999999999995e-01   8.0159703846475050e-01   2.3536447549874588e+00
   8.2299999999999995e-01   8.0915747693074502e-01   2.6845081547711587e+00
   8.2599999999999996e-01   8.1768783759304797e-01   3.0034292579569919e+00
   8.2899999999999996e-01   8.2712297846445970e-01   3.2837120435938925e+00
   8.3199999999999996e-01   8.3731197541911528e-01   3.4962189715379455e+00
   8.3499999999999996e-01   8.4805753990471822e-01   3.6310985900807222e+00
   8.3799999999999997e-01   8.5905185576058940e-01   3.6706633455699111e+00
   8.4099999999999997e-01   8.6998659245282439e-01   3.6065543842320085e+00
   8.4399999999999997e-01   8.8059359358687095e-01   3.4453589459290748e+00
   8.4699999999999998e-01   8.9055193062849769e-01   3.1930699106220146e+00
   8.4999999999999998e-01   8.9966228852583285e-01   2.8740580085397429e+00
   8.5299999999999998e-01   9.0771852076885928e-01   2.5126269793323783e+00
   8.5599999999999998e-01   9.1467588314257897e-01   2.1369927233562351e+00
   8.5899999999999999e-01   9.2054544077998957e-01   1.7927998881785410e+00
   8.6199999999999999e-01   9.2548116650843926e-01   1.5115225970257749e+00
   8.6499999999999999e-01   9.2968451342539948e-01   1.3184505994180948e+00
   8.6799999999999999e-01   9.3347791548359915e-01   1.2428420621139302e+00
   8.7100000000000000e-01   9.3722791831543684e-01   1.2979010696012452e+00
   8.7400000000000000e-01   9.4137005041613431e-01   1.4847447286078268e+00
   8.7700000000000000e-01   9.4621511388069957e-01   1.7929571500976658e+00
   8.8000000000000000e-01   9.5216736216852660e-01   2.1954224944651419e+00
   8.8300000000000001e-01   9.5944417517635894e-01   2.6612589130070177e+00
   8.8600000000000001e-01   9.6815976132343651e-01   3.1477902619100044e+00
   8.8900000000000001e-01   9.7826761098566439e-01   3.5985980684411891e+00
   8.9200000000000002e-01   9.8962304765859410e-01   3.9665764689815384e+00
   8.9500000000000002e-01   1.0019144045380515e+00   4.2051655669782040e+00
   8.9800000000000002e-01   1.0147067482162007e+00   4.3042917418669440e+00
   9.0100000000000002e-01   1.0275491988729846e+00   4.2367761955897363e+00
   9.0400000000000003e-01   1.0399535961694930e+00   4.0082363444167104e+00
   9.0700000000000003e-01   1.0514657302619637e+00   3.6436499379293275e+00
   9.1000000000000003e-01   1.0616864821344856e+00   3.1605487525850031e+00
   9.1300000000000003e-01   1.0703384753572214e+00   2.6064034665374960e+00
   9.1600000000000004e-01   1.0772787075691261e+00   2.0297444557094573e+00
   9.1900000000000004e-01   1.0824892773422274e+00   1.4704397613756843e+00
   9.2200000000000004e-01   1.0860849435473570e+00   9.6178284947166459e-01
   9.2500000000000004e-01   1.0883136910971323e+00   5.4497429281974907e-01
   9.2800000000000005e-01   1.0894457389278589e+00   2.4767669914098434e-01
   9.3100000000000005e-01   1.0899057966122740e+00   8.3591622174463212e-02
   9.3399999999999994e-01   1.0900552314157408e+00   4.6231301806823756e-02
   9.3699999999999994e-01   1.0902345064295920e+00   1.4369020969874208e-01
   9.3999999999999995e-01   1.0909413983234004e+00   3.4716861474494459e-01
   9.4299999999999995e-01   1.0924054656140565e+00   6.5430177637537079e-01
   9.4599999999999995e-01   1.0948373402789611e+00   1.0255218455877972e+00
   9.4899999999999995e-01   1.0985176005244468e+00   1.4408518369767951e+00
   9.5199999999999996e-01   1.1034819294544906e+00   1.8710677961757627e+00
   9.5499999999999996e-01   1.1097680957711549e+00   2.2924877951128599e+00
   9.5799999999999996e-01   1.1172107784635259e+00   2.6666413037587731e+00
   9.6099999999999997e-01   1.1257027430981721e+00   2.9749570280190420e+00
   9.6399999999999997e-01   1.1349719793344721e+00   3.2107575436869271e+00
   9.6699999999999997e-01   1.1448322745556241e+00   3.3604435407860267e+00
   9.6999999999999997e-01   1.1549693723943371e+00   3.4080809202718445e+00
   9.7299999999999998e-01   1.1651215848286882e+00   3.3675254542508806e+00
   9.7599999999999998e-01   1.1750287345305033e+00   3.2518107458969148e+00
   9.7899999999999998e-01   1.1845157595488478e+00   3.0734209527160279e+00
   9.8199999999999998e-01   1.1933466555660632e+00   2.8577972778845631e+00
   9.8499999999999999e-01   1.2015101646168265e+00   2.6189595929184404e+00
   9.8799999999999999e-01   1.2089687824311635e+00   2.3740155793448747e+00
   9.9099999999999999e-01   1.2157019831786449e+00   2.1515268310720366e+00
   9.9399999999999999e-01   1.2218086573568083e+00   1.9453301998053001e+00
   9.9700000000000000e-01   1.2273174640709394e+00   1.7710342077950036e+00
   1.0000000000000000e+00   1.2323476131513944e+00   1.6089790940353743e+00
   1.0030000000000001e+00   1.2369233638159334e+00   1.4592851732577723e+00
   1.0060000000000000e+00   1.2410448087375889e+00   1.3154138787538006e+00
   1.0090000000000001e+00   1.2446935548693336e+00   1.1538774285452753e+00
   1.0120000000000000e+00   1.2478043701838633e+00   9.4820676881675947e-01
   1.0150000000000001e+00   1.2502494701650031e+00   6.9974480681100781e-01
   1.0180000000000000e+00   1.2518704262045943e+00   3.9585698944202463e-01
   1.0210000000000001e+00   1.2524982847816446e+00   4.1864081984391344e-02
   1.0240000000000000e+00   1.2520435192928501e+00  -3.5540438516889150e-01
   1.0270000000000001e+00   1.2503266862904778e+00  -7.8052987622866143e-01
   1.0300000000000000e+00   1.2472818007243827e+00  -1.2169580806638605e+00
   1.0330000000000001e+00   1.2429219633135942e+00  -1.6377466471664086e+00
   1.0360000000000000e+00   1.2373714319959495e+00  -2.0409092368078650e+00
   1.0390000000000001e+00   1.2306395790113782e+00  -2.4010971706125699e+00
   1.0420000000000000e+00   1.2229598705311346e+00  -2.7077439387913871e+00
   1.0450000000000002e+00   1.2144238446730964e+00  -2.9394026187127960e+00
   1.0480000000000000e+00   1.2053293751635055e+00  -3.0990295080533889e+00
   1.0510000000000002e+00   1.1958287779224233e+00  -3.1855709024208823e+00
   1.0540000000000000e+00   1.1861280472675726e+00  -3.1904336697270379e+00
   1.0570000000000002e+00   1.1765858095591324e+00  -3.1208835542490347e+00
   1.0600000000000001e+00   1.1674019295310107e+00  -2.9667036797511521e+00
   1.0629999999999999e+00   1.1587813647765752e+00  -2.7243584263535605e+00
   1.0660000000000001e+00   1.1510089995810320e+00  -2.4087412220622646e+00
   1.0690000000000000e+00   1.1443170154836730e+00  -2.0244700971012057e+00
   1.0720000000000001e+00   1.1388504889688906e+00  -1.5746614701463675e+00
   1.0750000000000000e+00   1.1347927845042920e+00  -1.0758640181873556e+00
   1.0780000000000001e+00   1.1322742902023986e+00  -5.4988389158188511e-01
   1.0810000000000000e+00   1.1313503972058310e+00  -3.5990069880016379e-02
   1.0840000000000001e+00   1.1319553428595817e+00   4.4869433836588540e-01
   1.0870000000000000e+00   1.1339044207860378e+00   8.8095307932020916e-01
   1.0900000000000001e+00   1.1369997605173543e+00   1.2273706346754691e+00
   1.0930000000000000e+00   1.1410756577375141e+00   1.4630013348244848e+00
   1.0960000000000001e+00   1.1456050018518904e+00   1.5891450424518700e+00
   1.0990000000000000e+00   1.1503275757622244e+00   1.5874009446723869e+00
   1.1020000000000001e+00   1.1548175700099994e+00   1.4747530254428654e+00
   1.1050000000000002e+00   1.1588755260688437e+00   1.2449616457273971e+00
   1.1080000000000001e+00   1.1621231200477464e+00   9.3660642741906630e-01
   1.1110000000000002e+00   1.1643750142463802e+00   5.8004656819477685e-01
   1.1140000000000001e+00   1.1655206977111476e+00   2.1574709035404790e-01
   1.1170000000000002e+00   1.1655769769900370e+00  -1.5304644933061695e-01
   1.1200000000000001e+00   1.1645700787130453e+00  -4.8162970366262564e-01
   1.1230000000000002e+00   1.1626748889201701e+00  -7.5211784972110429e-01
   1.1260000000000001e+00   1.1600597571609832e+00  -9.5063600272265947e-01
   1.1290000000000000e+00   1.1569882062222452e+00  -1.0786386649652251e+00
   1.1320000000000001e+00   1.1536508140399400e+00  -1.1236711620353730e+00
   1.1350000000000000e+00   1.1502639277661630e+00  -1.0973095530921231e+00
   1.1380000000000001e+00   1.1470774688231631e+00  -9.9039040324044880e-01
   1.1410000000000000e+00   1.1443133884951218e+00  -8.1426904135110223e-01
   1.1440000000000001e+00   1.1421908341384384e+00  -5.6613955089247581e-01
   1.1470000000000000e+00   1.1409515828140155e+00  -2.3856940611327432e-01
   1.1500000000000001e+00   1.1408245728775355e+00   1.7576419310269059e-01
   1.1530000000000000e+00   1.1420472278413079e+00   6.8727955159434051e-01
   1.1560000000000001e+00   1.1449204094985599e+00   1.2831132876749418e+00
   1.1590000000000000e+00   1.1497566806780302e+00   1.9623174424022165e+00
   1.1620000000000001e+00   1.1567003850849504e+00   2.7119583683913331e+00
   1.1650000000000000e+00   1.1660107540305245e+00   3.5098845189993968e+00
   1.1680000000000001e+00   1.1777333281251843e+00   4.3179697301399891e+00
   1.1710000000000000e+00   1.1917966300983212e+00   5.0896419519832543e+00
   1.1740000000000002e+00   1.2080858795892233e+00   5.7710425280806525e+00
   1.1770000000000000e+00   1.2262246270315653e+00   6.3102447395997983e+00
   1.1800000000000002e+00   1.2457092059200354e+00   6.6651120856669808e+00
   1.1830000000000001e+00   1.2659169819945015e+00   6.7886766653664781e+00
   1.1860000000000002e+00   1.2861528323374474e+00   6.6529044352783258e+00
   1.1890000000000001e+00   1.3055856335507936e+00   6.2612184340773736e+00
   1.1920000000000002e+00   1.3233882997817892e+00   5.6119154791801549e+00
   1.1950000000000001e+00   1.3389913103137383e+00   4.7658175208961167e+00
   1.1980000000000002e+00   1.3518605292577996e+00   3.7706453265413571e+00
   1.2010000000000001e+00   1.3616890728890485e+00   2.7193235815598622e+00
   1.2040000000000002e+00   1.3683322687689583e+00   1.7025114235865906e+00
   1.2070000000000001e+00   1.3720667072687434e+00   8.2471607868029473e-01
   1.2100000000000002e+00   1.3734458124975502e+00   1.6508868731835355e-01
   1.2130000000000001e+00   1.3732594759736452e+00  -2.0089318338443377e-01
   1.2160000000000002e+00   1.3725697200295197e+00  -1.9275120562350775e-01
   1.2190000000000001e+00   1.3724399330741399e+00   2.0147623780881757e-01
   1.2220000000000002e+00   1.3741674490087405e+00   1.0091267890203395e+00
   1.2250000000000001e+00   1.3788680120570629e+00   2.1986346709576559e+00
   1.2280000000000002e+00   1.3877137765289851e+00   3.7072485910319126e+00
   1.2310000000000001e+00   1.4014346864548954e+00   5.4534402578615406e+00
   1.2340000000000002e+00   1.4206473421816239e+00   7.3375194033476276e+00
   1.2370000000000001e+00   1.4455601195443208e+00   9.2360696449235800e+00
   1.2400000000000002e+00   1.4759956783706107e+00   1.1042357293422089e+01
   1.2430000000000001e+00   1.5115728801848081e+00   1.2625076708405423e+01
   1.2460000000000002e+00   1.5515374871342915e+00   1.3909127531024108e+01
   1.2490000000000001e+00   1.5946011012152412e+00   1.4779990901679307e+01
   1.2520000000000002e+00   1.6396579040605872e+00   1.5215737249106756e+01
   1.2550000000000001e+00   1.6853939582531321e+00   1.5206411919746575e+01
   1.2580000000000000e+00   1.7304739207854292e+00   1.4774107474271226e+01
   1.2610000000000001e+00   1.7735870012697430e+00   1.3964630959106763e+01
   1.2640000000000000e+00   1.8138540529598193e+00   1.2849030428041232e+01
   1.2670000000000001e+00   1.8504895227823484e+00   1.1542178693559306e+01
   1.2700000000000000e+00   1.8829660453182664e+00   1.0131006253164211e+01
   1.2730000000000001e+00   1.9111892699252888e+00   8.7144280701336534e+00
   1.2760000000000000e+00   1.9351914085678774e+00   7.3563838309485821e+00
   1.2790000000000001e+00   1.9551938280089047e+00   6.1035012011182541e+00
   1.2820000000000000e+00   1.9717286577691080e+00   4.9724577858810708e+00
   1.2850000000000001e+00   1.9850694814204386e+00   3.9708152631609384e+00
   1.2880000000000000e+00   1.9955886207227738e+00   3.0622032396565766e+00
   1.2910000000000001e+00   2.0034214875382079e+00   2.1871471157663884e+00
   1.2940000000000000e+00   2.0086004981244501e+00   1.3070778128547529e+00
   1.2970000000000002e+00   2.0110892289975668e+00   3.8306494816123787e-01
   1.3000000000000000e+00   2.0106511531139049e+00  -6.1582870282679647e-01
   1.3030000000000002e+00   2.0071753748230607e+00  -1.6880735556952573e+00
   1.3060000000000000e+00   2.0003099455476292e+00  -2.8164151862214868e+00
   1.3090000000000002e+00   1.9900304598843337e+00  -3.9796870052224427e+00
   1.3120000000000001e+00   1.9762148609968564e+00  -5.1286133909518208e+00
   1.3150000000000002e+00   1.9590103549690077e+00  -6.2494956429459423e+00
   1.3180000000000001e+00   1.9388686796828527e+00  -7.2610812085921133e+00
   1.3210000000000002e+00   1.9154794318897288e+00  -8.2453749938793433e+00
   1.3240000000000001e+00   1.8892115169934407e+00  -9.1840417467531417e+00
   1.3270000000000002e+00   1.8601184899722911e+00  -1.0102690982634179e+01
   1.3300000000000001e+00   1.8282276866863199e+00  -1.1051550373875061e+01
   1.3330000000000002e+00   1.7933767487004963e+00  -1.2069979425336509e+01
   1.3360000000000001e+00   1.7552929317387724e+00  -1.3188508952396031e+01
   1.3390000000000002e+00   1.7137571912952851e+00  -1.4442819566658914e+01
   1.3420000000000001e+00   1.6682167817877078e+00  -1.5786956386370900e+01
   1.3450000000000002e+00   1.6185264311162189e+00  -1.7212221848039118e+01
   1.3480000000000001e+00   1.5644858679178717e+00  -1.8654009908491854e+01
   1.3510000000000002e+00   1.5062016495002815e+00  -2.0052535545533477e+01
   1.3540000000000001e+00   1.4438881429906885e+00  -2.1319293677663403e+01
   1.3570000000000002e+00   1.3781031450342316e+00  -2.2389805384427817e+01
   1.3600000000000001e+00   1.3095456378656356e+00  -2.3202784579080266e+01
   1.3630000000000002e+00   1.2389133106977330e+00  -2.3693132470385684e+01
   1.3660000000000001e+00   1.1673662892728360e+00  -2.3895410429474989e+01
   1.3690000000000002e+00   1.0955987446759641e+00  -2.3794512718161982e+01
   1.3720000000000001e+00   1.0244789099138409e+00  -2.3452236220589832e+01
   1.3750000000000002e+00   9.5459785384676665e-01  -2.2930661614352086e+01
   1.3780000000000001e+00   8.8647555272753975e-01  -2.2325929622601507e+01
   1.3810000000000000e+00   8.2024049896050488e-01  -2.1698991150674900e+01
   1.3840000000000001e+00   7.5583912358097816e-01  -2.1096332213247592e+01
   1.3870000000000000e+00   6.9317258216637045e-01  -2.0553793940992609e+01
   1.3900000000000001e+00   6.3207303803437376e-01  -2.0075422525175938e+01
   1.3930000000000000e+00   5.7224380065804115e-01  -1.9608492722141111e+01
   1.3960000000000001e+00   5.1401671449385222e-01  -1.9173531386694592e+01
   1.3990000000000000e+00   4.5715949628236530e-01  -1.8650402102432970e+01
   1.4020000000000001e+00   4.0198961148454027e-01  -1.7987109233427201e+01
   1.4050000000000000e+00   3.4902147857915755e-01  -1.7152059537801652e+01
   1.4080000000000001e+00   2.9887757875159854e-01  -1.6135336823855887e+01
   1.4110000000000000e+00   2.5204445456279406e-01  -1.4919965664795635e+01
   1.4140000000000001e+00   2.0913679647760572e-01  -1.3542566622480763e+01
   1.4170000000000000e+00   1.7056122439227633e-01  -1.2043202942176547e+01
   1.4200000000000002e+00   1.3652025847674865e-01  -1.0464912171709591e+01
   1.4230000000000000e+00   1.0732402989946367e-01  -8.9079796935107662e+00
   1.4260000000000002e+00   8.2814575483042829e-02  -7.4206035354245241e+00
   1.4290000000000000e+00   6.2537906419064065e-02  -6.0173734625236941e+00
   1.4320000000000002e+00   4.6232690955416385e-02  -4.7572785037843648e+00
   1.4350000000000001e+00   3.3451741804721810e-02  -3.6676236118152059e+00
   1.4380000000000002e+00   2.3739991892868049e-02  -2.7682107587055875e+00
   1.4410000000000001e+00   1.6450697953906433e-02  -2.0321331263970337e+00
   1.4440000000000002e+00   1.1153801693218982e-02  -1.4557756164790481e+00
   1.4470000000000001e+00   7.4320992988709603e-03  -1.0241462463805635e+00
   1.4500000000000002e+00   4.8161092226512020e-03  -6.9775790417770878e-01
   1.4530000000000001e+00   3.0835341389183627e-03  -4.6986893208838093e-01
   1.4560000000000002e+00   1.9303211477483249e-03  -3.0861974510200324e-01
   1.4590000000000001e+00   1.1815136691201409e-03  -1.9776175793732959e-01
   1.4620000000000002e+00   7.0709262303615748e-04  -1.2365635791656363e-01
   1.4650000000000001e+00   0.0000000000000000e+00   0.0000000000000000e+00
   1.4680000000000002e+00   0.0000000000000000e+00   0.0000000000000000e+00
   1.4710000000000001e+00   0.0000000000000000e+00   0.0000000000000000e+00
   1.4740000000000002e+00   0.0000000000000000e+00   0.0000000000000000e+00
   1.4770000000000001e+00   0.0000000000000000e+00   0.0000000000000000e+00
   1.4800000000000002e+00   0.0000000000000000e+00   0.0000000000000000e+00
   1.4830000000000001e+00   0.0000000000000000e+00   0.0000000000000000e+00
   1.4860000000000002e+00   0.0000000000000000e+00   0.0000000000000000e+00
   1.4890000000000001e+00   0.0000000000000000e+00   0.0000000000000000e+00
   1.4920000000000002e+00   0.0000000000000000e+00   0.0000000000000000e+00
   1.4950000000000001e+00   0.0000000000000000e+00   0.0000000000000000e+00
   1.4980000000000002e+00   0.0000000000000000e+00   0.0000000000000000e+00
   1.5010000000000001e+00   0.0000000000000000e+00   0.0000000000000000e+00
   1.5040000000000002e+00   0.0000000000000000e+00   0.0000000000000000e+00
   1.5070000000000001e+00   0.0000000000000000e+00   0.0000000000000000e+00
   1.5100000000000000e+00   0.0000000000000000e+00   0.0000000000000000e+00
   1.5130000000000001e+00   0.0000000000000000e+00   0.0000000000000000e+00
   1.5160000000000000e+00   0.0000000000000000e+00   0.0000000000000000e+00
   1.5190000000000001e+00   0.0000000000000000e+00   0.0000000000000000e+00
   1.5220000000000000e+00   0.0000000000000000e+00   0.0000000000000000e+00
   1.5250000000000001e+00   0.0000000000000000e+00   0.0000000000000000e+00
   1.5280000000000000e+00   0.0000000000000000e+00   0.0000000000000000e+00
   1.5310000000000001e+00   0.0000000000000000e+00   0.0000000000000000e+00
   1.5340000000000000e+00   0.0000000000000000e+00   0.0000000000000000e+00
   1.5370000000000001e+00   0.0000000000000000e+00   0.0000000000000000e+00
   1.5400000000000000e+00   0.0000000000000000e+00   0.0000000000000000e+00
   1.5430000000000001e+00   0.0000000000000000e+00   0.0000000000000000e+00
   1.5460000000000000e+00   0.0000000000000000e+00   0.0000000000000000e+00
   1.5490000000000002e+00   0.0000000000000000e+00   0.0000000000000000e+00
   1.5520000000000000e+00   0.0000000000000000e+00   0.0000000000000000e+00
   1.5550000000000002e+00   0.0000000000000000e+00   0.0000000000000000e+00
   1.5580000000000001e+00   0.0000000000000000e+00   0.0000000000000000e+00
   1.5610000000000002e+00   0.0000000000000000e+00   0.0000000000000000e+00
   1.5640000000000001e+00   0.0000000000000000e+00   0.0000000000000000e+00
   1.5670000000000002e+00   0.0000000000000000e+00   0.0000000000000000e+00
   1.5700000000000001e+00   0.0000000000000000e+00   0.0000000000000000e+00
   1.5730000000000002e+00   0.0000000000000000e+00   0.0000000000000000e+00
   1.5760000000000001e+00   0.0000000000000000e+00   0.0000000000000000e+00
   1.5790000000000002e+00   0.0000000000000000e+00   0.0000000000000000e+00
   1.5820000000000001e+00   0.0000000000000000e+00   0.0000000000000000e+00
   1.5850000000000002e+00   0.0000000000000000e+00   0.0000000000000000e+00
   1.5880000000000001e+00   0.0000000000000000e+00   0.0000000000000000e+00
   1.5910000000000002e+00   0.0000000000000000e+00   0.0000000000000000e+00
   1.5940000000000001e+00   0.0000000000000000e+00   0.0000000000000000e+00
   1.5970000000000002e+00   0.0000000000000000e+00   0.0000000000000000e+00
   1.6000000000000001e+00   0.0000000000000000e+00   0.0000000000000000e+00
