#! FIELDS distance hh2 dhh2_distance
#! SET normalisation    7.4748200000000000e+05
#! SET min_distance 0.1
#! SET max_distance 1.6
#! SET nbins_distance  500
#! SET periodic_distance false
   1.0000000000000001e-01   1.8784661262942251e-01   0.0000000000000000e+00
   1.0300000000000001e-01   0.0000000000000000e+00   0.0000000000000000e+00
   1.0600000000000001e-01   0.0000000000000000e+00   0.0000000000000000e+00
   1.0900000000000001e-01   0.0000000000000000e+00   0.0000000000000000e+00
   1.1200000000000000e-01   0.0000000000000000e+00   0.0000000000000000e+00
   1.1500000000000000e-01   0.0000000000000000e+00   0.0000000000000000e+00
   1.1800000000000001e-01   0.0000000000000000e+00   0.0000000000000000e+00
   1.2100000000000001e-01   0.0000000000000000e+00   0.0000000000000000e+00
   1.2400000000000000e-01   0.0000000000000000e+00   0.0000000000000000e+00
   1.2700000000000000e-01   0.0000000000000000e+00   0.0000000000000000e+00
   1.3000000000000000e-01   0.0000000000000000e+00   0.0000000000000000e+00
   1.3300000000000001e-01   0.0000000000000000e+00   0.0000000000000000e+00
   1.3600000000000001e-01   0.0000000000000000e+00   0.0000000000000000e+00
   1.3900000000000001e-01   0.0000000000000000e+00   0.0000000000000000e+00
   1.4200000000000002e-01   0.0000000000000000e+00   0.0000000000000000e+00
   1.4500000000000002e-01   0.0000000000000000e+00   0.0000000000000000e+00
   1.4800000000000002e-01   0.0000000000000000e+00   0.0000000000000000e+00
   1.5100000000000002e-01   0.0000000000000000e+00   0.0000000000000000e+00
   1.5400000000000000e-01   0.0000000000000000e+00   0.0000000000000000e+00
   1.5700000000000000e-01   4.6854854152631188e-18   8.7104241473006620e-16
   1.6000000000000000e-01   3.8004843849657737e-16   7.0321575335439975e-14
   1.6300000000000001e-01   1.2670260431345666e-14   2.3407729367210839e-12
   1.6600000000000001e-01   2.3863607966709199e-13   4.3978221355294856e-11
   1.6900000000000001e-01   3.1118168284961602e-12   5.7178864111536226e-10
   1.7200000000000001e-01   2.9015938063065573e-11   5.3127967463522856e-09
   1.7499999999999999e-01   1.9241083696949471e-10   3.5042455492267537e-08
   1.7799999999999999e-01   1.0163708277638554e-09   1.8421923641568634e-07
   1.8099999999999999e-01   4.6099139664240684e-09   8.3160203466979117e-07
   1.8400000000000000e-01   1.8330727942189002e-08   3.2908190106935396e-06
   1.8700000000000000e-01   6.7894381285085659e-08   1.2127287301620671e-05
   1.9000000000000000e-01   2.2591040506531363e-07   4.0123890119321182e-05
   1.9300000000000000e-01   7.4396678933171389e-07   1.3173431818990180e-04
   1.9600000000000001e-01   2.2066016905387796e-06   3.8832099534263372e-04
   1.9900000000000001e-01   6.6095554566472445e-06   1.1596517705581703e-03
   2.0200000000000001e-01   1.8160875447338648e-05   3.1671634189564366e-03
   2.0500000000000002e-01   4.6151931681038538e-05   7.9801786982861417e-03
   2.0800000000000002e-01   1.0582300763342032e-04   1.8067059103469684e-02
   2.1100000000000002e-01   2.2185145609666110e-04   3.7255783967286418e-02
   2.1400000000000002e-01   4.2986186283298054e-04   7.0704420587545946e-02
   2.1700000000000003e-01   7.8324561517026674e-04   1.2570621022773257e-01
   2.2000000000000000e-01   1.3549467305057925e-03   2.1130283951026360e-01
   2.2300000000000000e-01   2.2575080042714309e-03   3.4102122994276485e-01
   2.2600000000000001e-01   3.6421030064583896e-03   5.3125018553753423e-01
   2.2900000000000001e-01   5.7160669456553237e-03   8.0270377323677067e-01
   2.3200000000000001e-01   8.7457046411946633e-03   1.1785912799303138e+00
   2.3500000000000001e-01   1.3083391138918135e-02   1.6870327146671120e+00
   2.3800000000000002e-01   1.9178219294536107e-02   2.3600131232230619e+00
   2.4100000000000002e-01   2.7579772936740743e-02   3.2310486200092630e+00
   2.4400000000000002e-01   3.8922661809368653e-02   4.3297093561846873e+00
   2.4700000000000000e-01   5.3936042812942855e-02   5.6817574905042934e+00
   2.5000000000000000e-01   7.3403353490351084e-02   7.3015497116313224e+00
   2.5300000000000000e-01   9.8139488017383383e-02   9.1899977989221693e+00
   2.5600000000000001e-01   1.2892103892428328e-01   1.1326667249267661e+01
   2.5900000000000001e-01   1.6644367417377651e-01   1.3670146596915167e+01
   2.6200000000000001e-01   2.1123561017340109e-01   1.6153543930568638e+01
   2.6500000000000001e-01   2.6358634716229629e-01   1.8685703549895504e+01
   2.6800000000000002e-01   3.2348209354537127e-01   2.1155428673290967e+01
   2.7100000000000002e-01   3.9056215152845070e-01   2.3439929201979236e+01
   2.7400000000000002e-01   4.6408384411054832e-01   2.5412946760865871e+01
   2.7700000000000002e-01   5.4293870932991650e-01   2.6958563614864154e+01
   2.8000000000000003e-01   6.2569744813241357e-01   2.7983867569146383e+01
   2.8300000000000003e-01   7.1073379656122082e-01   2.8438411321413980e+01
   2.8600000000000003e-01   7.9631762316689525e-01   2.8318556581166746e+01
   2.8900000000000003e-01   8.8076746617681234e-01   2.7673925865038758e+01
   2.9200000000000004e-01   9.6267020873972531e-01   2.6618413416237445e+01
   2.9500000000000004e-01   1.0409846810227450e+00   2.5313636314792554e+01
   2.9800000000000004e-01   1.1152506765846057e+00   2.3970009401322770e+01
   3.0100000000000005e-01   1.1856829466037913e+00   2.2827326523343956e+01
   3.0400000000000005e-01   1.2532795950172977e+00   2.2143354456751410e+01
   3.0700000000000005e-01   1.3197346145745643e+00   2.2154751530596574e+01
   3.1000000000000000e-01   1.3875034323530713e+00   2.3078281448572092e+01
   3.1300000000000000e-01   1.4595672724827848e+00   2.5069049789908398e+01
   3.1600000000000000e-01   1.5392906998020999e+00   2.8210740620907160e+01
   3.1900000000000001e-01   1.6301423721558097e+00   3.2494026649777446e+01
   3.2200000000000001e-01   1.7354007913546396e+00   3.7805217038510619e+01
   3.2500000000000001e-01   1.8578640005964830e+00   4.3926194799433311e+01
   3.2800000000000001e-01   1.9995004397639642e+00   5.0531348629964612e+01
   3.3100000000000002e-01   2.1611571079121981e+00   5.7199881316382466e+01
   3.3400000000000002e-01   2.3422934997684632e+00   6.3433510473606269e+01
   3.3700000000000002e-01   2.5407943061307283e+00   6.8684769533838150e+01
   3.3999999999999997e-01   2.7528699015694316e+00   7.2392217514219240e+01
   3.4299999999999997e-01   2.9730758486631284e+00   7.4022571869065047e+01
   3.4599999999999997e-01   3.1944674638371109e+00   7.3117348340400653e+01
   3.4899999999999998e-01   3.4088925851117016e+00   6.9338649645008942e+01
   3.5199999999999998e-01   3.6074169060141150e+00   6.2510641235626686e+01
   3.5499999999999998e-01   3.7808607440384194e+00   5.2650090599559967e+01
   3.5799999999999998e-01   3.9204059901534531e+00   3.9982631746202912e+01
   3.6099999999999999e-01   4.0182278639307452e+00   2.4939835255237156e+01
   3.6399999999999999e-01   4.0680814384458044e+00   8.1376385712192096e+00
   3.6699999999999999e-01   4.0658049545141894e+00  -9.6664360425517479e+00
   3.7000000000000000e-01   4.0096471041176462e+00  -2.7626971574587714e+01
   3.7300000000000000e-01   3.9004446696352000e+00  -4.4880899360837340e+01
   3.7600000000000000e-01   3.7415618935874742e+00  -6.0614343063616992e+01
   3.7900000000000000e-01   3.5386632494475680e+00  -7.4130498213898449e+01
   3.8200000000000001e-01   3.2992534957602473e+00  -8.4894716665713119e+01
   3.8500000000000001e-01   3.0321387804636712e+00  -9.2570747704429621e+01
   3.8800000000000001e-01   2.7468121364312679e+00  -9.7035517764895644e+01
   3.9100000000000001e-01   2.4528344672937905e+00  -9.8373951808841724e+01
   3.9400000000000002e-01   2.1592232304381827e+00  -9.6847493641663291e+01
   3.9700000000000002e-01   1.8740004481011685e+00  -9.2859848333969211e+01
   4.0000000000000002e-01   1.6038178033511332e+00  -8.6904911996881211e+01
   4.0300000000000002e-01   1.3537761314638099e+00  -7.9521433106891166e+01
   4.0600000000000003e-01   1.1273457390389561e+00  -7.1243366752966608e+01
   4.0900000000000003e-01   9.2645146693143909e-01  -6.2564935666453074e+01
   4.1200000000000003e-01   7.5163090863394855e-01  -5.3911322274760373e+01
   4.1500000000000004e-01   6.0227579135118881e-01  -4.5623351658460010e+01
   4.1800000000000004e-01   4.7687869388806708e-01  -3.7947952480598573e+01
   4.2100000000000004e-01   3.7333779984697552e-01  -3.1047066545789622e+01
   4.2400000000000004e-01   2.8917343983771043e-01  -2.5001088751725529e+01
   4.2700000000000005e-01   2.2178473866510201e-01  -1.9829625075269220e+01
   4.3000000000000005e-01   1.6855567298151755e-01  -1.5495261923267554e+01
   4.3300000000000005e-01   1.2706083135063834e-01  -1.1933298551405290e+01
   4.3600000000000005e-01   9.5133582817976250e-02  -9.0633666944516964e+00
   4.3900000000000006e-01   7.0834030401568521e-02  -6.7870421506488965e+00
   4.4200000000000006e-01   5.2584762737690770e-02  -5.0186437363128933e+00
   4.4500000000000006e-01   3.9025261548016978e-02  -3.6666931271097667e+00
   4.4800000000000006e-01   2.9067427852296164e-02  -2.6515198948163947e+00
   4.5100000000000007e-01   2.1807089487280981e-02  -1.8966945794864289e+00
   4.5399999999999996e-01   1.6608767431922637e-02  -1.3511718293818435e+00
   4.5699999999999996e-01   1.2887931706947558e-02  -9.5525120209285830e-01
   4.5999999999999996e-01   1.0258747057029756e-02  -6.7198605965647840e-01
   4.6299999999999997e-01   8.4027838504935060e-03  -4.6692257085559108e-01
   4.6599999999999997e-01   7.1145793608670266e-03  -3.1905043904229535e-01
   4.6899999999999997e-01   6.2474830121139876e-03  -2.1320920047620179e-01
   4.7199999999999998e-01   5.6762055325908943e-03  -1.3460497008398351e-01
   4.7499999999999998e-01   5.3269494783389050e-03  -7.5292242966368425e-02
   4.7799999999999998e-01   5.1456562506818401e-03  -2.9213699289219231e-02
   4.8099999999999998e-01   5.0977432822410821e-03   7.3849504054322394e-03
   4.8399999999999999e-01   5.1553895810399512e-03   3.7863998312338686e-02
   4.8699999999999999e-01   5.3011750988088821e-03   6.4302338441544191e-02
   4.8999999999999999e-01   5.5250320792845720e-03   8.8005758251323646e-02
   4.9299999999999999e-01   5.8191496880383104e-03   1.1006187408644079e-01
   4.9600000000000000e-01   6.1794973614759299e-03   1.3121155137749826e-01
   4.9900000000000000e-01   6.6039545120964317e-03   1.5211282716570523e-01
   5.0200000000000000e-01   7.0921792946186954e-03   1.7320727527854671e-01
   5.0500000000000000e-01   7.6448596551737056e-03   1.9479478697460348e-01
   5.0800000000000001e-01   8.2641524356513087e-03   2.1723569792986175e-01
   5.1100000000000001e-01   8.9526115544666073e-03   2.4065616964668127e-01
   5.1400000000000001e-01   9.7135838284687723e-03   2.6530257555294312e-01
   5.1700000000000002e-01   1.0550849310948858e-02   2.9130397631012739e-01
   5.2000000000000002e-01   1.1468781218278974e-02   3.1881625269337682e-01
   5.2300000000000002e-01   1.2471952472891077e-02   3.4792744961857441e-01
   5.2600000000000002e-01   1.3565297771607901e-02   3.7873582619389518e-01
   5.2900000000000003e-01   1.4753703183365682e-02   4.1127052111453283e-01
   5.3200000000000003e-01   1.6042466930785551e-02   4.4557552556484092e-01
   5.3500000000000003e-01   1.7437690682041252e-02   4.8182923051177234e-01
   5.3800000000000003e-01   1.8944814161067594e-02   5.2000528697961623e-01
   5.4100000000000004e-01   2.0569431889854627e-02   5.6008181387228617e-01
   5.4400000000000004e-01   2.2317305074699031e-02   6.0204059954826550e-01
   5.4700000000000004e-01   2.4194470831808462e-02   6.4588751622242246e-01
   5.5000000000000004e-01   2.6205863062177395e-02   6.9143577089203079e-01
   5.5300000000000005e-01   2.8356480886821564e-02   7.3850041969866786e-01
   5.5600000000000005e-01   3.0650722100898364e-02   7.8689127647663226e-01
   5.5900000000000005e-01   3.3092019887109220e-02   8.3628118928572859e-01
   5.6200000000000006e-01   3.5682268029136550e-02   8.8623899819626650e-01
   5.6500000000000006e-01   3.8423569645451218e-02   9.3650822368214026e-01
   5.6800000000000006e-01   4.1316424945903159e-02   9.8676228151343026e-01
   5.7100000000000006e-01   4.4359122582920567e-02   1.0364567614093978e+00
   5.7400000000000007e-01   4.7550095638799819e-02   1.0853433865372342e+00
   5.7700000000000007e-01   5.0885850905270757e-02   1.1330126512918504e+00
   5.7999999999999996e-01   5.4363060383666326e-02   1.1793518561997558e+00
   5.8299999999999996e-01   5.7977449490045421e-02   1.2242008108416953e+00
   5.8599999999999997e-01   6.1723634983378718e-02   1.2673558655808941e+00
   5.8899999999999997e-01   6.5597038998890841e-02   1.3088493824739580e+00
   5.9199999999999997e-01   6.9593065819159999e-02   1.3487623957401673e+00
   5.9499999999999997e-01   7.3706051165967207e-02   1.3869582393534348e+00
   5.9799999999999998e-01   7.7931370328110358e-02   1.4234862850734165e+00
   6.0099999999999998e-01   8.2263708609727648e-02   1.4582663029886613e+00
   6.0399999999999998e-01   8.6697422540262137e-02   1.4911256564030784e+00
   6.0699999999999998e-01   9.1227555094811730e-02   1.5219519426936181e+00
   6.0999999999999999e-01   9.5846048711052415e-02   1.5502454922951958e+00
   6.1299999999999999e-01   1.0054573832321620e-01   1.5757586418673502e+00
   6.1599999999999999e-01   1.0531720774239596e-01   1.5980022161813801e+00
   6.1899999999999999e-01   1.1015029863006139e-01   1.6165352122965799e+00
   6.2200000000000000e-01   1.1503276808072863e-01   1.6308914461612787e+00
   6.2500000000000000e-01   1.1995123974137224e-01   1.6406507146606553e+00
   6.2800000000000000e-01   1.2489119734702543e-01   1.6455507283015591e+00
   6.3100000000000001e-01   1.2983854301062914e-01   1.6455883347070093e+00
   6.3400000000000001e-01   1.3477899891476341e-01   1.6408623774024624e+00
   6.3700000000000001e-01   1.3969881879818580e-01   1.6318258975443243e+00
   6.4000000000000001e-01   1.4458497360311923e-01   1.6187592416822876e+00
   6.4300000000000002e-01   1.4942625019699188e-01   1.6022707023346290e+00
   6.4600000000000002e-01   1.5421381250694913e-01   1.5831701065064083e+00
   6.4900000000000002e-01   1.5894059877545447e-01   1.5620812620669400e+00
   6.5200000000000002e-01   1.6360164566392535e-01   1.5394722980811237e+00
   6.5500000000000003e-01   1.6819232747956001e-01   1.5157388223234454e+00
   6.5800000000000003e-01   1.7270926962330188e-01   1.4908311481535834e+00
   6.6100000000000003e-01   1.7715057148494615e-01   1.4649551824285854e+00
   6.6400000000000003e-01   1.8151161652860290e-01   1.4375239864256271e+00
   6.6700000000000004e-01   1.8578632667689043e-01   1.4079059666258089e+00
   6.7000000000000004e-01   1.8996827470308952e-01   1.3754503628456787e+00
   6.7300000000000004e-01   1.9404633349690775e-01   1.3391654204230941e+00
   6.7600000000000005e-01   1.9800957638413816e-01   1.2984605783343879e+00
   6.7899999999999994e-01   2.0184287864618988e-01   1.2526601880713932e+00
   6.8199999999999994e-01   2.0552817288541475e-01   1.2013216192866720e+00
   6.8499999999999994e-01   2.0905287648807960e-01   1.1447638375713811e+00
   6.8799999999999994e-01   2.1239821918834340e-01   1.0827561971158763e+00
   6.9099999999999995e-01   2.1555101836557250e-01   1.0162445390369976e+00
   6.9399999999999995e-01   2.1849750186461303e-01   9.4601532519738341e-01
   6.9699999999999995e-01   2.2122922140661078e-01   8.7299038186488975e-01
   6.9999999999999996e-01   2.2373816780889860e-01   7.9824505471022489e-01
   7.0299999999999996e-01   2.2602105426241634e-01   7.2301402622884514e-01
   7.0599999999999996e-01   2.2807817079014467e-01   6.4833398102173367e-01
   7.0899999999999996e-01   2.2991472996421872e-01   5.7545875807376767e-01
   7.1199999999999997e-01   2.3153576284041708e-01   5.0566401447382436e-01
   7.1499999999999997e-01   2.3295199434321984e-01   4.3970938578046170e-01
   7.1799999999999997e-01   2.3417765257880038e-01   3.7825003402645396e-01
   7.2099999999999997e-01   2.3522583781626144e-01   3.2225028200391292e-01
   7.2399999999999998e-01   2.3611622045442018e-01   2.7243814231308233e-01
   7.2699999999999998e-01   2.3686714725607083e-01   2.2961230201504193e-01
   7.2999999999999998e-01   2.3750068264099403e-01   1.9443999418909416e-01
   7.3299999999999998e-01   2.3804233734101740e-01   1.6755232541819776e-01
   7.3599999999999999e-01   2.3851544183911486e-01   1.4946375230816772e-01
   7.3899999999999999e-01   2.3894813363002998e-01   1.4111617085901856e-01
   7.4199999999999999e-01   2.3937192303031424e-01   1.4290747907628371e-01
   7.4500000000000000e-01   2.3981762687960700e-01   1.5572271980258975e-01
   7.4800000000000000e-01   2.4031950590451032e-01   1.8012361986867523e-01
   7.5100000000000000e-01   2.4091249632574332e-01   2.1661328680306491e-01
   7.5400000000000000e-01   2.4163460199144304e-01   2.6630662203169564e-01
   7.5700000000000001e-01   2.4252586151994923e-01   3.2912186699201479e-01
   7.6000000000000001e-01   2.4362789638122229e-01   4.0602767235123388e-01
   7.6300000000000001e-01   2.4498305322147421e-01   4.9734592208475292e-01
   7.6600000000000001e-01   2.4663166575617138e-01   6.0279588865880718e-01
   7.6900000000000002e-01   2.4861830167528051e-01   7.2247625198157928e-01
   7.7200000000000002e-01   2.5098642604028004e-01   8.5611333817373891e-01
   7.7500000000000002e-01   2.5377730095273981e-01   1.0032251463466813e+00
   7.7800000000000002e-01   2.5702941977657334e-01   1.1632603953573153e+00
   7.8100000000000003e-01   2.6077985211294769e-01   1.3349333382581881e+00
   7.8400000000000003e-01   2.6506182127038463e-01   1.5172196382782031e+00
   7.8700000000000003e-01   2.6990551334038954e-01   1.7083570732222584e+00
   7.9000000000000004e-01   2.7533629988455233e-01   1.9068241848045702e+00
   7.9300000000000004e-01   2.8136986238369432e-01   2.1105505513903213e+00
   7.9600000000000004e-01   2.8802035371924817e-01   2.3176852482371211e+00
   7.9900000000000004e-01   2.9529791629275792e-01   2.5265970489572376e+00
   8.0200000000000005e-01   3.0320262895902711e-01   2.7349609051769135e+00
   8.0499999999999994e-01   3.1173100689168598e-01   2.9410650950442792e+00
   8.0799999999999994e-01   3.2087335010835244e-01   3.1438946552094511e+00
   8.1099999999999994e-01   3.3061724251785013e-01   3.3414027304667830e+00
   8.1399999999999995e-01   3.4094482523073355e-01   3.5323100157468432e+00
   8.1699999999999995e-01   3.5183378859397380e-01   3.7157489892740432e+00
   8.1999999999999995e-01   3.6326127798569391e-01   3.8906366184019499e+00
   8.2299999999999995e-01   3.7520210965913037e-01   4.0571529540942635e+00
   8.2599999999999996e-01   3.8763166829623935e-01   4.2150239951921655e+00
   8.2899999999999996e-01   4.0052211003573057e-01   4.3633047377592202e+00
   8.3199999999999996e-01   4.1384307703073780e-01   4.5031143066366601e+00
   8.3499999999999996e-01   4.2757146767017240e-01   4.6333755502983909e+00
   8.3799999999999997e-01   4.4167697248729038e-01   4.7547074808558527e+00
   8.4099999999999997e-01   4.5613205145826746e-01   4.8662022265530824e+00
   8.4399999999999997e-01   4.7090935185036265e-01   4.9681219999479476e+00
   8.4699999999999998e-01   4.8597638569259122e-01   5.0589418125417431e+00
   8.4999999999999998e-01   5.0129531338456135e-01   5.1373417118494356e+00
   8.5299999999999998e-01   5.1683603657899091e-01   5.2035758474936502e+00
   8.5599999999999998e-01   5.3255245009426244e-01   5.2561576649474269e+00
   8.5899999999999999e-01   5.4840741370781754e-01   5.2947822357567995e+00
   8.6199999999999999e-01   5.6435522885431066e-01   5.3188422864513543e+00
   8.6499999999999999e-01   5.8035243721364571e-01   5.3283556545573667e+00
   8.6799999999999999e-01   5.9635790134906486e-01   5.3238725262964133e+00
   8.7100000000000000e-01   6.1232759576652229e-01   5.3060557474899417e+00
   8.7400000000000000e-01   6.2822542722592056e-01   5.2759862343537423e+00
   8.7700000000000000e-01   6.4401395247331938e-01   5.2344748322729941e+00
   8.8000000000000000e-01   6.5965605024244300e-01   5.1815318573039333e+00
   8.8300000000000001e-01   6.7512469629963556e-01   5.1178715670060990e+00
   8.8600000000000001e-01   6.9038338863608861e-01   5.0432395867585713e+00
   8.8900000000000001e-01   7.0540080798809879e-01   4.9568428262454303e+00
   8.9200000000000002e-01   7.2013661842690058e-01   4.8568908544903620e+00
   8.9500000000000002e-01   7.3454593343297114e-01   4.7405979754582983e+00
   8.9800000000000002e-01   7.4857688459801863e-01   4.6049977033068075e+00
   9.0100000000000002e-01   7.6216745126999796e-01   4.4475183427926659e+00
   9.0400000000000003e-01   7.7524637456171908e-01   4.2640918581737743e+00
   9.0700000000000003e-01   7.8772682193333843e-01   4.0511237406076059e+00
   9.1000000000000003e-01   7.9951838504357620e-01   3.8057225068735114e+00
   9.1300000000000003e-01   8.1052253539851726e-01   3.5248001957123405e+00
   9.1600000000000004e-01   8.2062643774183774e-01   3.2067430875403580e+00
   9.1900000000000004e-01   8.2971633489460650e-01   2.8514639378087150e+00
   9.2200000000000004e-01   8.3768417055307420e-01   2.4601157276912478e+00
   9.2500000000000004e-01   8.4442248976514378e-01   2.0351740739560564e+00
   9.2800000000000005e-01   8.4983869782008381e-01   1.5806919581381174e+00
   9.3100000000000005e-01   8.5385408372359872e-01   1.1034491607166395e+00
   9.3399999999999994e-01   8.5641002314202996e-01   6.1056772834683937e-01
   9.3699999999999994e-01   8.5747035605434829e-01   1.1066649774027269e-01
   9.3999999999999995e-01   8.5703185154125239e-01  -3.8752683315117420e-01
   9.4299999999999995e-01   8.5510998285096462e-01  -8.7473694406902536e-01
   9.4599999999999995e-01   8.5175159705838366e-01  -1.3417882072678171e+00
   9.4899999999999995e-01   8.4702892855513323e-01  -1.7820591743681604e+00
   9.5199999999999996e-01   8.4103438829006993e-01  -2.1886523846105774e+00
   9.5499999999999996e-01   8.3387192610798999e-01  -2.5575220536520535e+00
   9.5799999999999996e-01   8.2566061111594313e-01  -2.8864217181283611e+00
   9.6099999999999997e-01   8.1652105127632491e-01  -3.1748443487788780e+00
   9.6399999999999997e-01   8.0657556155542409e-01  -3.4235659610144875e+00
   9.6699999999999997e-01   7.9594250487669516e-01  -3.6343025210416315e+00
   9.6999999999999997e-01   7.8472825667722401e-01  -3.8097197838847618e+00
   9.7299999999999998e-01   7.7303132171125843e-01  -3.9527979932929225e+00
   9.7599999999999998e-01   7.6095102375335610e-01  -4.0673271176250436e+00
   9.7899999999999998e-01   7.4856462800078438e-01  -4.1549405340057426e+00
   9.8199999999999998e-01   7.3595276082731109e-01  -4.2175802063126104e+00
   9.8499999999999999e-01   7.2318941542879511e-01  -4.2562411227611827e+00
   9.8799999999999999e-01   7.1034590931086117e-01  -4.2709966157273751e+00
   9.9099999999999999e-01   6.9748981018153067e-01  -4.2614461513969610e+00
   9.9399999999999999e-01   6.8469667953832047e-01  -4.2280579754667853e+00
   9.9700000000000000e-01   6.7204328915730949e-01  -4.1711581165050413e+00
   1.0000000000000000e+00   6.5959429315598106e-01  -4.0883489135107638e+00
   1.0030000000000001e+00   6.4743055955471440e-01  -3.9814513510671241e+00
   1.0060000000000000e+00   6.3562284657962398e-01  -3.8500445141287067e+00
   1.0090000000000001e+00   6.2424522359041013e-01  -3.6960240348874711e+00
   1.0120000000000000e+00   6.1336269810475497e-01  -3.5206177244782744e+00
   1.0150000000000001e+00   6.0303458899669959e-01  -3.3245454396390808e+00
   1.0180000000000000e+00   5.9332676399642503e-01  -3.1104350969370604e+00
   1.0210000000000001e+00   5.8428723214251188e-01  -2.8793553208745135e+00
   1.0240000000000000e+00   5.7596211985026091e-01  -2.6342953505815530e+00
   1.0270000000000001e+00   5.6839560056092264e-01  -2.3780810582586103e+00
   1.0300000000000000e+00   5.6161067313555701e-01  -2.1119605305195104e+00
   1.0330000000000001e+00   5.5563815759135426e-01  -1.8396540447987413e+00
   1.0360000000000000e+00   5.5049101355787922e-01  -1.5628716479696569e+00
   1.0390000000000001e+00   5.4617476433970891e-01  -1.2856673029317527e+00
   1.0420000000000000e+00   5.4269026988863867e-01  -1.0113041829207845e+00
   1.0450000000000002e+00   5.4002461330846174e-01  -7.4276866682310494e-01
   1.0480000000000000e+00   5.3815007965593742e-01  -4.8307888244856539e-01
   1.0510000000000002e+00   5.3703375894891714e-01  -2.3589672547210352e-01
   1.0540000000000000e+00   5.3664265340705775e-01  -3.7543942089997662e-03
   1.0570000000000002e+00   5.3692601908358428e-01   2.1188330509155440e-01
   1.0600000000000001e+00   5.3782656889521796e-01   4.0892222334381889e-01
   1.0629999999999999e+00   5.3929020978432063e-01   5.8544887337822626e-01
   1.0660000000000001e+00   5.4125732018029205e-01   7.4214478422158714e-01
   1.0690000000000000e+00   5.4366589254159392e-01   8.7901717842971372e-01
   1.0720000000000001e+00   5.4645767707676973e-01   9.9620795010517338e-01
   1.0750000000000000e+00   5.4957539462677452e-01   1.0946693053089993e+00
   1.0780000000000001e+00   5.5296295898280889e-01   1.1764288055919909e+00
   1.0810000000000000e+00   5.5657385311853458e-01   1.2422136844400709e+00
   1.0840000000000001e+00   5.6035876192348255e-01   1.2924074344905425e+00
   1.0870000000000000e+00   5.6427509463634906e-01   1.3290572466066173e+00
   1.0900000000000001e+00   5.6828469122179259e-01   1.3527969608544332e+00
   1.0930000000000000e+00   5.7235028089647766e-01   1.3660759166911196e+00
   1.0960000000000001e+00   5.7644450521324608e-01   1.3701844125816356e+00
   1.0990000000000000e+00   5.8053932075211667e-01   1.3680430698460475e+00
   1.1020000000000001e+00   5.8462187391432263e-01   1.3613025599595674e+00
   1.1050000000000002e+00   5.8868272093991703e-01   1.3534739239936817e+00
   1.1080000000000001e+00   5.9272634912838262e-01   1.3481466700150126e+00
   1.1110000000000002e+00   5.9676175436985934e-01   1.3486905615458122e+00
   1.1140000000000001e+00   6.0081269892384603e-01   1.3592601924431071e+00
   1.1170000000000002e+00   6.0491313953717596e-01   1.3821842968592946e+00
   1.1200000000000001e+00   6.0910653962196293e-01   1.4195701766548503e+00
   1.1230000000000002e+00   6.1343489806055473e-01   1.4725775340098302e+00
   1.1260000000000001e+00   6.1794848019764459e-01   1.5411404574313174e+00
   1.1290000000000000e+00   6.2268744767387840e-01   1.6238539388694813e+00
   1.1320000000000001e+00   6.2769467633362075e-01   1.7186712476255168e+00
   1.1350000000000000e+00   6.3299885500067687e-01   1.8226401749250349e+00
   1.1380000000000001e+00   6.3862596123529047e-01   1.9322378310486070e+00
   1.1410000000000000e+00   6.4458699388242269e-01   2.0435971118843934e+00
   1.1440000000000001e+00   6.5088000265879764e-01   2.1530595916506594e+00
   1.1470000000000000e+00   6.5749546824918104e-01   2.2585535189683403e+00
   1.1500000000000001e+00   6.6441795863834041e-01   2.3574369349012572e+00
   1.1530000000000000e+00   6.7162537742419748e-01   2.4485712283541554e+00
   1.1560000000000001e+00   6.7909186729222915e-01   2.5306251915074474e+00
   1.1590000000000000e+00   6.8679261637060141e-01   2.6038118662407177e+00
   1.1620000000000001e+00   6.9470335624136981e-01   2.6695522271527050e+00
   1.1650000000000000e+00   7.0279935500346202e-01   2.7291163042864994e+00
   1.1680000000000001e+00   7.1106153563448193e-01   2.7835723520459217e+00
   1.1710000000000000e+00   7.1949057450734633e-01   2.8351268430057157e+00
   1.1740000000000002e+00   7.2806570046958086e-01   2.8838193595486037e+00
   1.1770000000000000e+00   7.3678658183127899e-01   2.9312248420548719e+00
   1.1800000000000002e+00   7.4564834218144904e-01   2.9778968151091418e+00
   1.1830000000000001e+00   7.5464932461225920e-01   3.0244674622921699e+00
   1.1860000000000002e+00   7.6378756893417832e-01   3.0686104182329883e+00
   1.1890000000000001e+00   7.7305245089924790e-01   3.1103109038793910e+00
   1.1920000000000002e+00   7.8243819790840674e-01   3.1481353184179666e+00
   1.1950000000000001e+00   7.9193015693099289e-01   3.1799539025680104e+00
   1.1980000000000002e+00   8.0151287656063885e-01   3.2047909794192657e+00
   1.2010000000000001e+00   8.1115568282115535e-01   3.2225331271504007e+00
   1.2040000000000002e+00   8.2083820644450756e-01   3.2328328923188510e+00
   1.2070000000000001e+00   8.3053771705343482e-01   3.2343501268105594e+00
   1.2100000000000002e+00   8.4023589671848642e-01   3.2292954231064681e+00
   1.2130000000000001e+00   8.4990912684181963e-01   3.2199662833287555e+00
   1.2160000000000002e+00   8.5954852999626252e-01   3.2078667249751720e+00
   1.2190000000000001e+00   8.6914994565104708e-01   3.1945897291114447e+00
   1.2220000000000002e+00   8.7871441704455888e-01   3.1827552375285126e+00
   1.2250000000000001e+00   8.8824309248738875e-01   3.1734978877682090e+00
   1.2280000000000002e+00   8.9774709856982249e-01   3.1673720434564263e+00
   1.2310000000000001e+00   9.0723597859599903e-01   3.1625541248621287e+00
   1.2340000000000002e+00   9.1671047607341694e-01   3.1590047703494060e+00
   1.2370000000000001e+00   9.2617603257782410e-01   3.1543177005461795e+00
   1.2400000000000002e+00   9.3562160394494720e-01   3.1461663242343105e+00
   1.2430000000000001e+00   9.4503202130352271e-01   3.1316331012940788e+00
   1.2460000000000002e+00   9.5438111546272819e-01   3.1068256853758434e+00
   1.2490000000000001e+00   9.6363894986524068e-01   3.0691101251950310e+00
   1.2520000000000002e+00   9.7276400020757892e-01   3.0169882438259958e+00
   1.2550000000000001e+00   9.8170490242610942e-01   2.9492332802471442e+00
   1.2580000000000000e+00   9.9041861808615739e-01   2.8641672629712374e+00
   1.2610000000000001e+00   9.9885115706426120e-01   2.7630944686234136e+00
   1.2640000000000000e+00   1.0069550777968403e+00   2.6459928958216858e+00
   1.2670000000000001e+00   1.0146837471068784e+00   2.5146454912890883e+00
   1.2700000000000000e+00   1.0219980318333863e+00   2.3701695535222984e+00
   1.2730000000000001e+00   1.0288568939482450e+00   2.2145592615724157e+00
   1.2760000000000000e+00   1.0352437624198643e+00   2.0513576625852017e+00
   1.2790000000000001e+00   1.0411296443327953e+00   1.8832531286107883e+00
   1.2820000000000000e+00   1.0465022436666613e+00   1.7120442787711203e+00
   1.2850000000000001e+00   1.0513650080316572e+00   1.5436926077577124e+00
   1.2880000000000000e+00   1.0557272358593865e+00   1.3798870043258520e+00
   1.2910000000000001e+00   1.0596054825816394e+00   1.2224253926194717e+00
   1.2940000000000000e+00   1.0630242889500867e+00   1.0750391662517769e+00
   1.2970000000000002e+00   1.0660208717035440e+00   9.3997089972948533e-01
   1.3000000000000000e+00   1.0686283493746080e+00   8.1755711638462314e-01
   1.3030000000000002e+00   1.0708909228616963e+00   7.0799436865556642e-01
   1.3060000000000000e+00   1.0728425373348796e+00   6.1059363742385842e-01
   1.3090000000000002e+00   1.0745158285898018e+00   5.2440376004382938e-01
   1.3120000000000001e+00   1.0759440397389779e+00   4.4808154423964175e-01
   1.3150000000000002e+00   1.0771614086573325e+00   3.8013375929402382e-01
   1.3180000000000001e+00   1.0781736009126677e+00   3.2100286912993564e-01
   1.3210000000000002e+00   1.0790261826680090e+00   2.6835710582133737e-01
   1.3240000000000001e+00   1.0797306364649100e+00   2.2336401436346032e-01
   1.3270000000000002e+00   1.0803111785024357e+00   1.8651819001139019e-01
   1.3300000000000001e+00   1.0807921668200375e+00   1.5893013735730502e-01
   1.3330000000000002e+00   1.0812022493994160e+00   1.3968244364638957e-01
   1.3360000000000001e+00   1.0815686947353971e+00   1.2912685238519983e-01
   1.3390000000000002e+00   1.0819175642497005e+00   1.2849496790718695e-01
   1.3420000000000001e+00   1.0822725289902377e+00   1.3440874644963757e-01
   1.3450000000000002e+00   1.0826541967257979e+00   1.4653587654926303e-01
   1.3480000000000001e+00   1.0830815831630731e+00   1.6164266608434211e-01
   1.3510000000000002e+00   1.0835550723536298e+00   1.7809127437124750e-01
   1.3540000000000001e+00   1.0840777215452462e+00   1.9162026565767634e-01
   1.3570000000000002e+00   1.0846335335271871e+00   2.0235118984887115e-01
   1.3600000000000001e+00   1.0852101703136721e+00   2.0774057873299182e-01
   1.3630000000000002e+00   1.0857932783321564e+00   2.0699699603210092e-01
   1.3660000000000001e+00   1.0863738869024926e+00   2.0247000732250955e-01
   1.3690000000000002e+00   1.0869346714002741e+00   1.9628475499576645e-01
   1.3720000000000001e+00   1.0874768196039248e+00   1.9122465614201831e-01
   1.3750000000000002e+00   1.0880117799459956e+00   1.9210800101631009e-01
   1.3780000000000001e+00   1.0885695766616286e+00   2.0361756831146469e-01
   1.3810000000000000e+00   1.0891835253087601e+00   2.3091842153709571e-01
   1.3840000000000001e+00   1.0899048124057920e+00   2.7819501953133252e-01
   1.3870000000000000e+00   1.0908022114538833e+00   3.4800573173289373e-01
   1.3900000000000001e+00   1.0919418549006776e+00   4.4155181640499963e-01
   1.3930000000000000e+00   1.0934002025029961e+00   5.5754009503080759e-01
   1.3960000000000001e+00   1.0952366782190874e+00   6.9396074868567936e-01
   1.3990000000000000e+00   1.0975068486610704e+00   8.4586878311918590e-01
   1.4020000000000001e+00   1.1002456528803013e+00   1.0052796314506951e+00
   1.4050000000000000e+00   1.1034734336422638e+00   1.1663539337863282e+00
   1.4080000000000001e+00   1.1071682331586579e+00   1.3193063496183328e+00
   1.4110000000000000e+00   1.1113007766134395e+00   1.4567683720430185e+00
   1.4140000000000001e+00   1.1158204433512471e+00   1.5732766663966355e+00
   1.4170000000000000e+00   1.1206496713951701e+00   1.6637858619991970e+00
   1.4200000000000002e+00   1.1257116449806752e+00   1.7255079008831213e+00
   1.4230000000000000e+00   1.1309134159149501e+00   1.7612227553696951e+00
   1.4260000000000002e+00   1.1361824612415925e+00   1.7706755886003118e+00
   1.4290000000000000e+00   1.1414556250156664e+00   1.7589995597977404e+00
   1.4320000000000002e+00   1.1466618654134606e+00   1.7328089186635525e+00
   1.4350000000000001e+00   1.1517806501332248e+00   1.6990899674754718e+00
   1.4380000000000002e+00   1.1567942616939695e+00   1.6612827375183663e+00
   1.4410000000000001e+00   1.1616980291954051e+00   1.6267113828505584e+00
   1.4440000000000002e+00   1.1665052813547279e+00   1.6009178696181057e+00
   1.4470000000000001e+00   1.1712489061636404e+00   1.5844364116911238e+00
   1.4500000000000002e+00   1.1759576469631483e+00   1.5800951396495284e+00
   1.4530000000000001e+00   1.1806720906765433e+00   1.5871937852315030e+00
   1.4560000000000002e+00   1.1854308001685667e+00   1.6058061812797042e+00
   1.4590000000000001e+00   1.1902594325409686e+00   1.6348036797898806e+00
   1.4620000000000002e+00   1.1951887664619110e+00   1.6734587563613115e+00
   1.4650000000000001e+00   1.2002539421947640e+00   1.7203350948230534e+00
   1.4680000000000002e+00   1.2054621387271589e+00   1.7745347221029348e+00
   1.4710000000000001e+00   1.2108482890334016e+00   1.8350296848186605e+00
   1.4740000000000002e+00   1.2164193431850738e+00   1.8995786896703679e+00
   1.4770000000000001e+00   1.2221941896145654e+00   1.9673454720540273e+00
   1.4800000000000002e+00   1.2281670717852655e+00   2.0334470866904293e+00
   1.4830000000000001e+00   1.2343390602759030e+00   2.0963934760866056e+00
   1.4860000000000002e+00   1.2406918247314402e+00   2.1543817256547002e+00
   1.4890000000000001e+00   1.2472019438178512e+00   2.1994849390829159e+00
   1.4920000000000002e+00   1.2538194289233417e+00   2.2298913033008896e+00
   1.4950000000000001e+00   1.2605054975671410e+00   2.2434962715100393e+00
   1.4980000000000002e+00   1.2672039796675809e+00   2.2383937510552214e+00
   1.5010000000000001e+00   1.2738555285112267e+00   2.2129503244381796e+00
   1.5040000000000002e+00   1.2804024946316108e+00   2.1703327891948012e+00
   1.5070000000000001e+00   1.2867992779350201e+00   2.1129256663984908e+00
   1.5100000000000000e+00   1.2930132348701682e+00   2.0469215331432613e+00
   1.5130000000000001e+00   1.2990187753060349e+00   1.9796622328198086e+00
   1.5160000000000000e+00   1.3048326667473555e+00   1.9171108299969764e+00
   1.5190000000000001e+00   1.3104740230314966e+00   1.8658018017279081e+00
   1.5220000000000000e+00   1.3159917616433257e+00   1.8322119959684435e+00
   1.5250000000000001e+00   1.3214363486341552e+00   1.8209597231508954e+00
   1.5280000000000000e+00   1.3268819370687348e+00   1.8326857618047034e+00
   1.5310000000000001e+00   1.3323901114718968e+00   1.8668416792004801e+00
   1.5340000000000000e+00   1.3380394733137100e+00   1.9219960172227046e+00
   1.5370000000000001e+00   1.3438723486619040e+00   1.9918443130789876e+00
   1.5400000000000000e+00   1.3499358890652235e+00   2.0724397986307430e+00
   1.5430000000000001e+00   1.3562425569895507e+00   2.1549425656321901e+00
   1.5460000000000000e+00   1.3627924554522732e+00   2.2328050977276264e+00
   1.5490000000000002e+00   1.3695692443765863e+00   2.2989961259884688e+00
   1.5520000000000000e+00   1.3764930320981701e+00   2.3458959183808874e+00
   1.5550000000000002e+00   1.3835406034815114e+00   2.3685950581918331e+00
   1.5580000000000001e+00   1.3906196516672127e+00   2.3646419894241060e+00
   1.5610000000000002e+00   1.3976307572450646e+00   2.3325547776134741e+00
   1.5640000000000001e+00   1.4045115024594395e+00   2.2730277904841381e+00
   1.5670000000000002e+00   1.4111815922650308e+00   2.1897522927596942e+00
   1.5700000000000001e+00   1.4175602279625419e+00   2.0847380819516257e+00
   1.5730000000000002e+00   1.4235947767888770e+00   1.9608735142478269e+00
   1.5760000000000001e+00   1.4292220788335404e+00   1.8226957801959502e+00
   1.5790000000000002e+00   1.4344468444768423e+00   1.6783236088029241e+00
   1.5820000000000001e+00   1.4392118993829532e+00   1.5298149677089055e+00
   1.5850000000000002e+00   1.4435262490358716e+00   1.3787523856140709e+00
   1.5880000000000001e+00   1.4473981247635550e+00   1.2329971790988545e+00
   1.5910000000000002e+00   1.4508454346528818e+00   1.0958147084648504e+00
   1.5940000000000001e+00   1.4539073257228872e+00   9.7175645472556327e-01
   1.5970000000000002e+00   1.4566190271966015e+00   8.6465837991233196e-01
   1.6000000000000001e+00   1.4641052257120482e+00   7.5844554224695127e-01
